t = 0
b = 97 97 97
E = 0 0 0
8.130041122436523 -0.4972320795059204 -30.966121673583984 0.7136843762365034 -0.4132463470585977 0.5655811769840277 -0.6712680022464564 -0.17279563258755373 0.7207918829445282 0 0 0 0 0 0
7.893773555755615 -0.9367612600326538 -30.71796226501465 0.6632507019430408 0.3275275315369139 0.6729221518551755 -0.6197235720898616 -0.2637311029368816 0.7391810329952185 0 0 0 0 0 0
7.75592565536499 -1.3060499429702759 -30.297012329101562 0.4357646158323071 0.7505562889095174 0.49676398497364405 -0.5340707661784291 -0.22863760371119482 0.8139368912162592 0 0 0 0 0 0
7.79974889755249 -1.4688667058944702 -29.737701416015625 0.02752304614401285 0.990692868498001 0.13330462196847248 -0.5443916999950759 -0.09698946526101043 0.833205089161639 0 0 0 0 0 0
7.789823055267334 -1.401699185371399 -29.283145904541016 -0.6089899102226586 0.7457178355863027 -0.2702521025551476 -0.4390486599749763 -0.03316277187799299 0.8978510481898131 0 0 0 0 0 0
7.61487340927124 -1.1078425645828247 -28.878087997436523 -0.7833758285959146 0.3114551384780897 -0.5378828942132833 -0.5191922485308442 0.14785827570051405 0.841770360236304 0 0 0 0 0 0
7.277745723724365 -0.7071521282196045 -28.489246368408203 -0.6694491535090232 -0.14758335809783876 -0.728050124152601 -0.7224695855016472 0.35738720626105325 0.5918716776683924 0 0 0 0 0 0
6.9401068687438965 -0.21329152584075928 -28.401260375976562 -0.5333088078849634 -0.7932547112588519 -0.2938174237480725 -0.6664503793283851 0.18008720619809812 0.7234725219777288 0 0 0 0 0 0
6.5128912925720215 -0.05634724721312523 -28.26512908935547 -0.22292134244821352 -0.9748070256598637 -0.007572173086797071 -0.884042603188963 0.19887941821599572 0.42298422282272996 0 0 0 0 0 0
6.033101558685303 -0.024225112050771713 -28.382308959960938 0.07788177701677311 -0.8137717151449045 0.5759427267001729 -0.914325936599617 0.17198610913013107 0.3666454144367715 0 0 0 0 0 0
5.54749059677124 -0.35307204723358154 -28.394174575805664 0.3579000862760857 -0.20152644576383735 0.9117535960452066 -0.9288762336849863 0.02289514149797442 0.3696819646547323 0 0 0 0 0 0
5.1514105796813965 -0.5680633783340454 -28.100576400756836 0.4899459604129329 0.44299562716303936 0.7508047883368049 -0.8328326525218911 -0.016611745585777857 0.5532755396743515 0 0 0 0 0 0
4.86975622177124 -0.7787867784500122 -27.675596237182617 0.38254496549070827 0.8436261971046982 0.37676808375495097 -0.7861582545591532 0.08297117620671034 0.6124303900912991 0 0 0 0 0 0
4.6400885581970215 -0.803033709526062 -27.162548065185547 0.16936066373699435 0.9734307237949092 -0.15410902488395636 -0.7111343856475307 0.22896223671407936 0.6647286511867794 0 0 0 0 0 0
4.551106929779053 -0.5988266468048096 -26.699954986572266 -0.3160348044970159 0.7115062718050426 -0.6275992571128666 -0.7664029243940659 0.19846667037969337 0.6109316968603136 0 0 0 0 0 0
4.383397579193115 -0.3001490831375122 -26.34173583984375 -0.3956583088825128 0.3838339307052025 -0.8343416663763256 -0.7951072182359086 0.311501318279493 0.5203570314882789 0 0 0 0 0 0
4.1365790367126465 0.1425684690475464 -26.158599853515625 -0.5354479368499402 -0.11487644497149814 -0.8367191340670134 -0.7694187361634214 0.4748794494550922 0.4271818312216848 0 0 0 0 0 0
3.8781561851501465 0.5901917219161987 -26.172754287719727 -0.6159832521044069 -0.7064899606333253 -0.348477500925385 -0.7830454098261546 0.5008085375702032 0.36882339248884977 0 0 0 0 0 0
3.4764761924743652 0.8794797658920288 -26.161144256591797 -0.45533787474456 -0.8626671765553426 -0.22016530679728064 -0.8891898222894292 0.4281875459645891 0.16123549676704588 0 0 0 0 0 0
2.932004451751709 1.048845887184143 -26.275367736816406 -0.11266464168472523 -0.8925492947349053 0.43664909822679754 -0.8835630831394922 0.29102641977360644 0.3669058477413404 0 0 0 0 0 0
2.4035773277282715 0.988646388053894 -26.27863883972168 0.33172636830415975 -0.5799572840928251 0.744047824537783 -0.8442964096283297 0.16934119430551756 0.5084162985191296 0 0 0 0 0 0
1.9277853965759277 0.7922283411026001 -26.0772762298584 0.5174546095897266 -0.07613886584628815 0.8523166079116286 -0.8502947176124953 0.06613524990724033 0.5221350609947525 0 0 0 0 0 0
1.640500545501709 0.4895855188369751 -25.71331024169922 0.4258554930169532 0.5387609888750451 0.7269000591096901 -0.8418953918435489 -0.05835418245238758 0.5364764100898668 0 0 0 0 0 0
1.4035468101501465 0.22460424900054932 -25.39067268371582 0.14239662741793174 0.8299359101639292 0.5393788886491288 -0.698064401428244 -0.3021289039313307 0.6491719470740247 0 0 0 0 0 0
1.3458609580993652 0.04835856333374977 -24.939149856567383 -0.2986586880143005 0.9498479389527269 0.0926923995850445 -0.6607475013267772 -0.27587979540755997 0.6980709691545004 0 0 0 0 0 0
1.1458945274353027 0.02283323183655739 -24.45165252685547 -0.41374344780868666 0.8264813554843256 -0.38176554117962586 -0.6922676408510169 -0.013273376299112228 0.7215187668468436 0 0 0 0 0 0
1.0197577476501465 0.26690661907196045 -24.05681610107422 -0.7234213220519422 0.30915836949819764 -0.617318955945657 -0.6035021267931477 0.1511172206398204 0.7829104473579614 0 0 0 0 0 0
0.7384467124938965 0.6395331621170044 -23.708803176879883 -0.7175328162349186 -0.16081590675461538 -0.6777056158544635 -0.6816374519770381 0.36221545429432644 0.6357439333038153 0 0 0 0 0 0
0.3665824234485626 1.042000412940979 -23.746902465820312 -0.5813458011302456 -0.7765987780881819 -0.24275789869780917 -0.6761960504357569 0.29518782441422764 0.6749985553263641 0 0 0 0 0 0
-0.16919943690299988 1.1924279928207397 -23.688650131225586 -0.08306619816748093 -0.9676775184606727 0.23811809462490463 -0.6979861838988202 0.22703958127102067 0.679167369374179 0 0 0 0 0 0
-0.6698098182678223 1.1907073259353638 -23.602140426635742 0.30723850017961396 -0.7325491863243467 0.6074341064040766 -0.7992636062626768 0.14781005266169514 0.5825202795063258 0 0 0 0 0 0
-1.1704964637756348 1.0523658990859985 -23.31292724609375 0.7150522132503699 -0.31112493207412056 0.62602045411282 -0.6260866766007452 0.11336450789206369 0.7714687043123813 0 0 0 0 0 0
-1.526491641998291 0.8350232839584351 -22.949846267700195 0.8167487566646576 0.08750008883382757 0.5703202634843058 -0.5740693292912942 0.02384471246322167 0.8184594277388403 0 0 0 0 0 0
-1.687319278717041 0.5966986417770386 -22.558725357055664 0.5889805790551592 0.6647201582069637 0.459618307695808 -0.5535733468678613 -0.08250585673239177 0.8287034048695399 0 0 0 0 0 0
-1.754671573638916 0.5130857229232788 -22.01298713684082 0.1826941850067248 0.9831648435690106 0.0031185148150311057 -0.42155146335880367 0.07546743407873314 0.903658691173622 0 0 0 0 0 0
-1.720613956451416 0.5476313829421997 -21.50693130493164 -0.29089926062937865 0.8341344334152314 -0.4686121713702406 -0.4719653174205498 0.3009431964195576 0.8286627369931023 0 0 0 0 0 0
-1.7070794105529785 0.8485385179519653 -21.004545211791992 -0.5930186854486292 0.5576465800887421 -0.5808262480502322 -0.39929855830863686 0.42273519652583147 0.8135450909143948 0 0 0 0 0 0
-1.841799259185791 1.1215733289718628 -20.683313369750977 -0.8406645745677499 0.09306491180826217 -0.5334997612529405 -0.34111700063161354 0.6741391358409281 0.6551149650311299 0 0 0 0 0 0
-2.0378518104553223 1.6868382692337036 -20.63267707824707 -0.8467697455494322 -0.5219262442815538 -0.10282992537341377 -0.4395189350736157 0.5775320717781535 0.6879533500023011 0 0 0 0 0 0
-2.389986515045166 2.0182039737701416 -20.387895584106445 -0.5255095774768811 -0.8507538594351224 0.0075864772005114715 -0.6768398919381164 0.4234526615088953 0.6021425114889595 0 0 0 0 0 0
-2.9406991004943848 2.210982084274292 -20.314125061035156 0.022726621762016393 -0.9047760245395455 0.4252809025593575 -0.43095365952561415 0.37497291196546745 0.8207766192050179 0 0 0 0 0 0
-3.4274849891662598 2.215484380722046 -20.12856101989746 0.5519738065181209 -0.5573075188128183 0.6202686888700704 -0.5746095482077181 0.28483406218324303 0.7672635949455145 0 0 0 0 0 0
-3.838564395904541 2.1155965328216553 -19.722522735595703 0.8539725403693287 -0.04939192208597907 0.5179684723299363 -0.49811735685530967 0.21007833057362585 0.8412765263710137 0 0 0 0 0 0
-4.010538578033447 1.958206295967102 -19.235868453979492 0.8569164216912526 0.4715657557779512 0.20813453392800832 -0.256635691585887 0.04013246835754154 0.9656746381611999 0 0 0 0 0 0
-3.8991799354553223 1.8429089784622192 -18.73062515258789 0.6203274967647727 0.7827319494552691 0.05024432365456718 -0.0475623773982247 -0.02640198277155332 0.9985192815173675 0 0 0 0 0 0
-3.6181893348693848 1.8445459604263306 -18.190998077392578 0.04084768054329069 0.9881540357183255 -0.14792926920599517 -0.15550041939059106 0.15253594543460078 0.9759879122815625 0 0 0 0 0 0
-3.4490761756896973 2.028489351272583 -17.744638442993164 -0.3840214297731643 0.8447802690845833 -0.37265780340730004 0.016154595656015663 0.40969006607107133 0.9120817281372717 0 0 0 0 0 0
-3.102358341217041 2.5192410945892334 -17.53500747680664 -0.8746582994834992 0.48370484547740733 -0.03166198992973681 0.15449058392337972 0.34007679442081906 0.9276208456990782 0 0 0 0 0 0
-3.0000863075256348 2.902857542037964 -17.198036193847656 -0.9972282248978821 -0.06561399812273876 0.03508091671219557 0.004272446162812087 0.42021918838876393 0.9074125742536715 0 0 0 0 0 0
-3.1368050575256348 3.3698298931121826 -16.965991973876953 -0.697863124201913 -0.6025004578934177 0.3872728471212092 0.017661213245006274 0.5260691197739175 0.850258409406817 0 0 0 0 0 0
-3.383089542388916 3.7094123363494873 -16.587491989135742 -0.17078691439031843 -0.930195706835425 0.32491195247017013 0.017774563228220987 0.32679448341810213 0.9449282673883463 0 0 0 0 0 0
-3.5399041175842285 3.7584269046783447 -16.03164291381836 0.2771371216768523 -0.9607683273259826 0.010919569401000806 0.06816458900010322 0.030995870341329845 0.9971924813335843 0 0 0 0 0 0
-3.7386116981506348 3.597569704055786 -15.47960376739502 0.7790112067886488 -0.5826186814037067 -0.23172615686861808 0.3367326798694424 0.07698981340300495 0.9384474790525649 0 0 0 0 0 0
-3.7777810096740723 3.3301947116851807 -15.005049705505371 0.9625752619347347 -0.0744378248039742 -0.2605913953869731 0.24234254075407521 -0.19402702310849976 0.9505911882846976 0 0 0 0 0 0
-3.5567498207092285 2.9682319164276123 -14.713343620300293 0.8501512690419799 0.5196142733418929 -0.08511067315964291 0.28463251246313503 -0.317536417711107 0.9045191851343567 0 0 0 0 0 0
-3.329622745513916 2.6926777362823486 -14.336243629455566 0.3969084001837047 0.9147045197189931 0.07602212486676783 0.37642402097342614 -0.23775717869566032 0.8954197230421483 0 0 0 0 0 0
-2.9123940467834473 2.6284186840057373 -14.036253929138184 -0.07811842884232476 0.9847341121668013 0.15555140439825102 0.3498202556613922 -0.11903181358193839 0.9292239859605396 0 0 0 0 0 0
-2.498964786529541 2.6769497394561768 -13.76508903503418 -0.5212022490037397 0.7539381934333742 0.3999067592775391 0.534145010357685 -0.07728111841090757 0.8418531562256851 0 0 0 0 0 0
-2.0706429481506348 2.9132463932037354 -13.472417831420898 -0.8266985223195236 0.328084222754944 0.457088936612997 0.48305059681808316 -0.0026959709960236423 0.8755882894683337 0 0 0 0 0 0
-1.870485782623291 3.1743576526641846 -13.135345458984375 -0.8313945979270037 -0.3193890304404227 0.4547237290620785 0.43599841405290135 0.13240178377147313 0.8901545655657153 0 0 0 0 0 0
-1.770235538482666 3.3721892833709717 -12.669600486755371 -0.5696386538347342 -0.7807191704390676 0.25688398347558794 0.3429210613221479 0.0582816942705402 0.9375544729852486 0 0 0 0 0 0
-1.789949893951416 3.4470536708831787 -12.111390113830566 -0.31055674858958854 -0.947186519902371 -0.07995125027601789 0.2150750601788757 -0.15194720261757835 0.9647044967790633 0 0 0 0 0 0
-1.9643502235412598 3.362917184829712 -11.641179084777832 0.3917332835870457 -0.8471308737767043 -0.35904639982101044 0.21172054382153527 -0.29676680605415384 0.9311841247295456 0 0 0 0 0 0
-2.1772103309631348 2.958425760269165 -11.283379554748535 0.8065505172731227 -0.38737050747657065 -0.44656506023624626 0.3021686959640225 -0.37912173618281314 0.8746203681215821 0 0 0 0 0 0
-2.0010933876037598 2.5126945972442627 -11.050052642822266 0.9239393306246356 0.28020124928014406 -0.2604292096266215 0.36664168457977814 -0.4544202230697881 0.8118350423538679 0 0 0 0 0 0
-1.6741433143615723 2.0769917964935303 -10.877699851989746 0.6556979289720176 0.751177126135861 0.07611275262448158 0.4489987228553112 -0.4689914258461843 0.7605571571927141 0 0 0 0 0 0
-1.2840142250061035 1.7326070070266724 -10.63073444366455 0.23843871597364175 0.9387002288667836 0.2489756193893065 0.49039024735392656 -0.3376614423625353 0.8034314878331611 0 0 0 0 0 0
-0.7358498573303223 1.6815739870071411 -10.534689903259277 -0.23942352066619071 0.7579324372726592 0.6068070519380381 0.5539462655818688 -0.4066452195668605 0.7264868892494356 0 0 0 0 0 0
-0.24772116541862488 1.7514406442642212 -10.249446868896484 -0.6145185246238666 0.4851553482533502 0.622086224694999 0.6719979179509027 -0.0911639213902282 0.7349203614721859 0 0 0 0 0 0
0.11162330955266953 1.9899393320083618 -9.900629043579102 -0.8190382900682022 -0.2530147047695561 0.5149367325920048 0.5700557844995069 -0.25733894754654757 0.7802647426574439 0 0 0 0 0 0
0.31536629796028137 2.2019197940826416 -9.455005645751953 -0.667084429835929 -0.700581325280073 0.2533459495221704 0.42415131264800454 -0.07759351421722979 0.9022609991185452 0 0 0 0 0 0
0.24644234776496887 2.2804887294769287 -8.959310531616211 -0.19241008827924724 -0.9731702860324474 -0.12616636759412975 0.3381587345861597 -0.18644773615725665 0.9224347737942892 0 0 0 0 0 0
0.21281197667121887 2.122490644454956 -8.481219291687012 0.24305756579526985 -0.8654929663257156 -0.43800107870916466 0.2754395548552699 -0.3713747151086113 0.8866870206556137 0 0 0 0 0 0
0.19405129551887512 1.7603689432144165 -8.088038444519043 0.5946485029246786 -0.41761961454138724 -0.6870131116068611 0.6273873670023946 -0.29333007858464016 0.7213477363403392 0 0 0 0 0 0
0.39539864659309387 1.363275408744812 -7.784999370574951 0.7069413340678158 0.09698032278829358 -0.7005917264557834 0.6809047653424043 -0.36126769072461856 0.6370669950425205 0 0 0 0 0 0
0.8606390953063965 1.00216543674469 -7.675814628601074 0.5731870250946016 0.5746395906696931 -0.5841626272692975 0.8185602968152751 -0.43426998904590036 0.37599018217469793 0 0 0 0 0 0
1.3079581260681152 0.664312481880188 -7.784183979034424 0.416176907971556 0.9080624423346412 0.04711031832286519 0.797142446102189 -0.3892856180470458 0.4615415779796535 0 0 0 0 0 0
1.8499884605407715 0.6225124597549438 -7.797001361846924 -0.06956278358638034 0.8411537489468398 0.5363034493385167 0.7955074857688297 -0.2776170616089784 0.5386061707679852 0 0 0 0 0 0
2.3807806968688965 0.6454519033432007 -7.51373291015625 -0.517287814954301 0.6883829360648793 0.5084705004565173 0.692637673822246 -0.012212526940032787 0.7211822980272374 0 0 0 0 0 0
2.8664145469665527 0.8211311101913452 -7.293828964233398 -0.7697211486586472 0.08875785863465833 0.6321798761730738 0.6186539169961901 -0.14056272704843004 0.7729873548448123 0 0 0 0 0 0
3.1431784629821777 1.1769169569015503 -6.902451992034912 -0.7894003475842366 -0.27155876450616523 0.5505478441096392 0.600881353637478 -0.1582394227159701 0.7835189110348957 0 0 0 0 0 0
3.2011542320251465 1.4023979902267456 -6.432668209075928 -0.34585229524431305 -0.9238878741368405 0.16376014746314232 0.6175478329288158 -0.09273408393284496 0.7810474145159562 0 0 0 0 0 0
3.1945319175720215 1.3530250787734985 -5.906937599182129 0.12824770056931956 -0.983619999791854 -0.1266657937572554 0.5813698326178632 -0.02890940089885867 0.8131256755640833 0 0 0 0 0 0
3.3130621910095215 1.159314751625061 -5.386015892028809 0.3456686589709357 -0.7983049641584229 -0.4931757925985968 0.5423879322707806 -0.2588985723495346 0.7992414279567845 0 0 0 0 0 0
3.3246970176696777 0.7368062734603882 -5.022846698760986 0.7978183150706952 -0.29205837325791295 -0.5274351550168974 0.5002722748920748 -0.1675418344735167 0.8495041993277945 0 0 0 0 0 0
3.4518942832946777 0.3436487913131714 -4.70041561126709 0.8206042998568045 0.2290522318385323 -0.5235872975410223 0.5634400965142387 -0.17096209797136938 0.8082742224624346 0 0 0 0 0 0
3.8418936729431152 0.014004829339683056 -4.485429763793945 0.5824718444345304 0.7092776863977837 -0.3970537923496557 0.7283095342654482 -0.23847882539008128 0.6424119178055565 0 0 0 0 0 0
4.254247188568115 -0.20611727237701416 -4.387423038482666 0.217740519752802 0.9747510432935004 0.04949211710982011 0.7647074814241761 -0.20189122331091103 0.6119333311758051 0 0 0 0 0 0
4.779561519622803 -0.1770087480545044 -4.3457112312316895 -0.17326596835284155 0.8922960143638086 0.416877352420606 0.8545717903893897 -0.07420061105261432 0.5140051793416986 0 0 0 0 0 0
5.273671627044678 -0.00558793218806386 -4.261057376861572 -0.46206141296336467 0.4736193476410994 0.749789279858227 0.8575374784072036 0.023044825497947362 0.513905058493088 0 0 0 0 0 0
5.6836371421813965 0.3083854913711548 -4.024356842041016 -0.6410154674668691 -0.07420238353243026 0.7639327043309099 0.7567152785403483 0.10538093091288273 0.6451952004033644 0 0 0 0 0 0
5.928090572357178 0.659321665763855 -3.6548097133636475 -0.5463050738467901 -0.5392830520050653 0.640877957265933 0.6598003698067028 0.19425718893029328 0.7258978003492218 0 0 0 0 0 0
5.918004512786865 0.9982608556747437 -3.2998902797698975 -0.12278199131855871 -0.87377488157632 0.4705762838628156 0.4142134810266765 0.3857712679567427 0.8243832367017238 0 0 0 0 0 0
5.8627448081970215 1.2307087182998657 -2.7929978370666504 0.2866101662102632 -0.9088517494726223 0.3030562820755889 0.33057013319567263 0.39071555655019913 0.859106943813553 0 0 0 0 0 0
5.80121374130249 1.244156002998352 -2.2998948097229004 0.7195615990857712 -0.692310354652094 -0.0541985051696033 0.2527008177771019 0.18835131368895439 0.9490342877506741 0 0 0 0 0 0
5.730977535247803 1.0247074365615845 -1.8329144716262817 0.9617559727524411 -0.13764984018888893 -0.23680787649691734 0.2642273660033751 0.23842690831736277 0.9345247500441829 0 0 0 0 0 0
5.871678829193115 0.9913562536239624 -1.4145580530166626 0.916663698246711 0.2543038934243429 -0.30831346727946096 0.32255345926817475 -0.015243154038028481 0.9464285034640003 0 0 0 0 0 0
6.206777095794678 0.8532627820968628 -1.046469807624817 0.48965912734880696 0.7915619053171348 -0.3656004500198437 0.4537679414584829 0.12670177232684762 0.8820665032715882 0 0 0 0 0 0
6.730306148529053 0.8758448362350464 -0.7231284379959106 -0.15679361549203874 0.9559573031392422 -0.24811569219959048 0.4074291152484394 0.29145778852316095 0.8654789850464669 0 0 0 0 0 0
7.073117733001709 1.1246572732925415 -0.42501315474510193 -0.6815983816326083 0.7187142045603993 -0.13738099693524536 0.28588609815095334 0.4343917722062538 0.854150412470505 0 0 0 0 0 0
7.318700313568115 1.5544978380203247 -0.11936412006616592 -0.9621659496151395 0.2560804047860376 -0.09305649727888797 0.06813238601264712 0.5568178725355223 0.8278356327201909 0 0 0 0 0 0
7.3209052085876465 2.1181275844573975 0.0701533779501915 -0.9510059182091447 -0.2185736950636923 0.2186624873118053 0.08199324044960618 0.5036234388979134 0.8600235696265615 0 0 0 0 0 0
7.119809627532959 2.5451509952545166 0.3642388880252838 -0.4058574531242961 -0.8061204158048008 0.43063859902028634 0.07055869640823574 0.44214760111784557 0.8941627196360319 0 0 0 0 0 0
6.749471187591553 2.6943204402923584 0.7941070795059204 0.23978720009636162 -0.9405008835724163 0.24074921945761685 -0.04039461126140082 0.2381037357383837 0.970399343779903 0 0 0 0 0 0
6.5601935386657715 2.5937464237213135 1.2135568857192993 0.7518193942013491 -0.6213126778432722 0.22076719605489137 -0.1541470319475556 0.15992214780364608 0.9750197942522131 0 0 0 0 0 0
6.433957576751709 2.339449167251587 1.700304627418518 0.9908984832899946 -0.10493277170482936 0.08431671978872331 -0.09417717994809424 -0.09285947228312323 0.9912153031427251 0 0 0 0 0 0
6.3404364585876465 2.07928729057312 2.1598594188690186 0.9640776147325523 0.2550223387952229 -0.07428296902390863 0.1558754951778166 -0.3167396255636023 0.935616823064282 0 0 0 0 0 0
6.478185176849365 1.6586552858352661 2.484020948410034 0.6534101913592708 0.7527711697030555 0.07994177813718292 0.19016471402617052 -0.2654399154610785 0.9451873003904361 0 0 0 0 0 0
6.9180426597595215 1.516111969947815 2.7853891849517822 -0.017633447361396434 0.9857647822227269 0.16720303724374416 0.173514106094266 -0.16167457495855328 0.9714701162662076 0 0 0 0 0 0
7.282254695892334 1.5959404706954956 3.176738977432251 -0.6961011911764348 0.7087701584692488 0.11440277140971909 0.02414700584260138 -0.1361444673852031 0.9903946718905735 0 0 0 0 0 0
7.379025936126709 1.770605206489563 3.7188003063201904 -0.9695063620761349 0.19645116188561954 -0.14650718374089478 -0.1931079271130462 -0.24432457678145655 0.9502709243508741 0 0 0 0 0 0
7.26154088973999 1.9951521158218384 4.175064563751221 -0.9065515238794822 -0.35978104227118884 -0.2207304604581018 -0.23693317368686642 0.0009641002667285026 0.9715254714712039 0 0 0 0 0 0
6.983663082122803 2.07098650932312 4.6727447509765625 -0.5453962845518379 -0.7217856316926088 -0.42610843065955917 -0.41879468654138435 -0.20570302687286537 0.8844757064272851 0 0 0 0 0 0
6.533872127532959 2.095325231552124 4.938414573669434 0.012264253923417989 -0.948660843001164 -0.31605726226749264 -0.6384887296489269 -0.2506829131563243 0.727660785780544 0 0 0 0 0 0
6.0686163902282715 1.9108988046646118 5.040353775024414 0.5338788034543739 -0.8406335118600791 0.09115219119646142 -0.6903933083053907 -0.37112758030942855 0.6209842179804623 0 0 0 0 0 0
5.671781063079834 1.561444640159607 5.073217391967773 0.6907572181217441 -0.5115176594286908 0.5110813533140326 -0.7223927957549017 -0.45721967828681004 0.5187473512498382 0 0 0 0 0 0
5.436429500579834 1.093086838722229 5.0964860916137695 0.6322791946463022 -0.09126667183663635 0.769346095479328 -0.6144432488139869 -0.6639294025651047 0.42621267273094565 0 0 0 0 0 0
5.383054256439209 0.6255937814712524 5.241939544677734 0.18462672741882144 0.47831275693270336 0.85856268150791 -0.5756739818747796 -0.655402518031924 0.4889243356081282 0 0 0 0 0 0
5.361363887786865 0.15358507633209229 5.622264862060547 -0.13568281626862855 0.8719753897393989 0.4703712289864643 -0.7550913270788209 -0.3983788247582431 0.5207027940721906 0 0 0 0 0 0
5.133214473724365 0.03889692202210426 6.1136579513549805 -0.28936983702298713 0.9333825517398484 -0.21227837744080053 -0.8237862005336002 -0.12989277011543945 0.5518189595167537 0 0 0 0 0 0
4.87689733505249 0.12305009365081787 6.577615737915039 -0.41262382401274283 0.6590878032543388 -0.6287645405543089 -0.890925682128602 -0.14824361178199388 0.4292729440455278 0 0 0 0 0 0
4.728414058685303 0.3887592554092407 6.898138999938965 -0.6331932628138105 0.07930278882565912 -0.769920359265602 -0.7693590510033149 -0.17318393484437208 0.6148934666680881 0 0 0 0 0 0
4.311986446380615 0.6042436361312866 7.113152503967285 -0.3558410296215159 -0.5236955089612902 -0.7740285366391052 -0.8716362654294696 -0.11276135202440529 0.47700639228190195 0 0 0 0 0 0
3.754209041595459 0.7194725275039673 7.2338056564331055 0.036151405430096366 -0.8337252474443738 -0.5509948163633179 -0.8443506856059411 -0.3204130247398351 0.4294268427728376 0 0 0 0 0 0
3.2403922080993652 0.5672842264175415 7.170052528381348 0.29568684397267225 -0.9355387976832751 -0.19322641726951476 -0.860763260335581 -0.34864892922488117 0.3708510938460402 0 0 0 0 0 0
2.7444891929626465 0.2253655195236206 7.195993423461914 0.6487346608941759 -0.7220132175454231 0.24050000716054895 -0.7500545696684408 -0.5531817427119894 0.36250255454219416 0 0 0 0 0 0
2.473325252532959 -0.21292197704315186 7.1850786209106445 0.6205902690373247 -0.42687403740577984 0.6577585226852403 -0.7346800347974325 -0.609719978437208 0.29746729965590196 0 0 0 0 0 0
2.212308406829834 -0.6804207563400269 7.294295310974121 0.5415828153915163 0.29741499057264353 0.7862775447990824 -0.6487701972088151 -0.4469223445189322 0.6159201646182209 0 0 0 0 0 0
2.1806159019470215 -1.1048829555511475 7.632808685302734 0.11707837090294697 0.8291559666726672 0.5466196465530915 -0.6852451629787472 -0.3309477599902013 0.6487778100179588 0 0 0 0 0 0
2.0009589195251465 -1.2937425374984741 8.175094604492188 -0.04768253100836836 0.9935341802392247 0.10303498887760429 -0.6373948249854292 -0.10968562010110015 0.7626905675467813 0 0 0 0 0 0
1.9472861289978027 -1.2055931091308594 8.708528518676758 -0.5382984744956392 0.7539522463429054 -0.37655114206459983 -0.7280055284596215 -0.19091889578074486 0.6584511567049515 0 0 0 0 0 0
1.8189444541931152 -0.9816458225250244 9.179891586303711 -0.7185858664713941 0.29680317592740085 -0.6289214794129423 -0.6372502222079676 0.08110474467670505 0.7663773056966278 0 0 0 0 0 0
1.4030203819274902 -0.8417567014694214 9.490233421325684 -0.5719519066097322 -0.2092573194712717 -0.7931471432043303 -0.8166265748186131 0.05401010497644678 0.5746337493225171 0 0 0 0 0 0
0.9618353843688965 -0.5722908973693848 9.652029037475586 -0.35162711355553355 -0.7392444303161033 -0.5743483657670001 -0.8535951935518 0.001283566850982682 0.5209353107645943 0 0 0 0 0 0
0.4485831558704376 -0.4520304203033447 9.615721702575684 0.008476377621317498 -0.9992889852261438 0.03673792356849204 -0.8479916130732026 0.012287059936974683 0.5298672025287213 0 0 0 0 0 0
-0.07348868995904922 -0.5088224411010742 9.585978507995605 0.307031703443003 -0.8593518244390959 0.4089571798050322 -0.8321699025455428 -0.03392330474161717 0.5534821249984042 0 0 0 0 0 0
-0.5788369178771973 -0.8122254610061646 9.777435302734375 0.6889973814138559 -0.3268431667548959 0.6468818692392614 -0.7020258769180494 -0.07915243506583479 0.7077390480682781 0 0 0 0 0 0
-0.8740487098693848 -1.09746253490448 10.075335502624512 0.7291998935735493 0.34421397597603687 0.5914256115143246 -0.6251055053488633 -0.016561530274380728 0.78036454487471 0 0 0 0 0 0
-1.0205864906311035 -1.355697512626648 10.476515769958496 0.5002120420949241 0.7628184989653535 0.4097509616577741 -0.586754748463978 -0.04939852381473766 0.8082565502363087 0 0 0 0 0 0
-1.044771671295166 -1.4473350048065186 11.036892890930176 0.060509458269333176 0.9968709434376077 -0.05086184807658483 -0.41883049894295943 0.07160927751487213 0.9052365019866299 0 0 0 0 0 0
-0.9186654090881348 -1.1933059692382812 11.526618957519531 -0.3677480948430317 0.8997001107695437 -0.23516175161065508 -0.07136982220915968 0.22482996909665354 0.971780753809125 0 0 0 0 0 0
-0.7357888221740723 -0.8495876789093018 11.919754028320312 -0.9068147046517293 0.34143390901390985 -0.24720432278355917 -0.16676065712242624 0.248025270287571 0.9542925906318639 0 0 0 0 0 0
-0.8118767738342285 -0.4852370023727417 12.306193351745605 -0.9381224559484709 -0.2508026055178111 -0.23879763547968105 -0.2975118498932083 0.2307740465477389 0.9264070588100586 0 0 0 0 0 0
-1.0648903846740723 -0.16253602504730225 12.62069320678711 -0.7437182043397401 -0.6656519089251938 -0.06156921859109646 -0.34238352464054334 0.3001882325119637 0.8903148584158651 0 0 0 0 0 0
-1.4094033241271973 0.08230197429656982 12.988914489746094 -0.38574994078534747 -0.9192973486887919 -0.07803440188698013 -0.4395718087862141 0.10876732464650173 0.8915976076738086 0 0 0 0 0 0
-1.939486026763916 0.14689719676971436 13.216947555541992 0.19642611622301281 -0.9553016496213017 0.2209423886364113 -0.567501787221752 0.07299202231870185 0.8201304080315175 0 0 0 0 0 0
-2.3936104774475098 0.05109107866883278 13.534088134765625 0.6626359941364302 -0.6774960336999374 0.31923762872769007 -0.4488846543923669 -0.01806351495551836 0.8934071168725362 0 0 0 0 0 0
-2.740480899810791 -0.18903124332427979 13.793188095092773 0.8591509549543418 -0.22529842263529873 0.45945648037555076 -0.49310191837165274 -0.12449683417032786 0.8610174425525664 0 0 0 0 0 0
-2.8264565467834473 -0.5802016258239746 14.186162948608398 0.7563475934099864 0.537756081720696 0.372500623509983 -0.36159711164685915 -0.13084881111020683 0.9231067746906065 0 0 0 0 0 0
-2.8365426063537598 -0.8453158140182495 14.599824905395508 0.20418339407828573 0.9702169777127213 0.1303386272010897 -0.36764460419496514 -0.04739773063296557 0.9287577187497137 0 0 0 0 0 0
-2.6395516395568848 -0.8743160963058472 15.11256217956543 -0.27761165107006475 0.9604139443500398 -0.023169520671588187 -0.23731778259125158 -0.04518773427717694 0.9703805123439294 0 0 0 0 0 0
-2.6030449867248535 -0.6916234493255615 15.610668182373047 -0.6296551699707901 0.7159916103320917 -0.30148031588001506 -0.20826839181332596 0.21829076635670588 0.9534009745615395 0 0 0 0 0 0
-2.565340518951416 -0.32211291790008545 15.995174407958984 -0.9380939722236067 0.03512023808415061 -0.34459580402936923 -0.3318795925643511 0.19370841460776494 0.923218818130061 0 0 0 0 0 0
-2.7201409339904785 -0.002726194215938449 16.34156036376953 -0.824535245504636 -0.48614642700690563 -0.2894879624941747 -0.3850522564406225 0.10723493016731894 0.9166435673488336 0 0 0 0 0 0
-3.062746524810791 0.14979350566864014 16.758028030395508 -0.3981131947894118 -0.8885015469124361 -0.2281904583210616 -0.449265353478726 -0.028031625463844474 0.8929584929533345 0 0 0 0 0 0
-3.425142765045166 0.1487647294998169 17.023725509643555 0.22614066181196876 -0.97289461725177 0.048336992022433835 -0.47305536924251645 -0.06630869168275527 0.8785338781391119 0 0 0 0 0 0
-3.815035343170166 -0.045067187398672104 17.404346466064453 0.5603498320280869 -0.8275634290947925 0.03386497557895587 -0.4052798807089502 -0.23830162709380537 0.8825874193625151 0 0 0 0 0 0
-4.1619744300842285 -0.3698939085006714 17.664169311523438 0.8840103291229775 -0.33451711218660674 0.32653336683747675 -0.4065445767689457 -0.2053451842836134 0.8902555039938186 0 0 0 0 0 0
-4.3054375648498535 -0.6640992164611816 18.073490142822266 0.9856028181604854 0.11355937468439672 0.12526513184201646 -0.05961386913785935 -0.45989588584215263 0.8859695033080293 0 0 0 0 0 0
-4.2503228187561035 -1.0867723226547241 18.360797882080078 0.6870000446160072 0.6400792351096484 0.3439905688809677 0.04774783769860573 -0.512128024728226 0.8575809176299769 0 0 0 0 0 0
-3.8723855018615723 -1.4290838241577148 18.645151138305664 0.07966813318649181 0.9172361492609189 0.39029583016422387 0.14828670749949335 -0.3980890409232327 0.9052823691400272 0 0 0 0 0 0
-3.5108590126037598 -1.515785574913025 19.01099395751953 -0.3779497766799523 0.8465104634772944 0.37493199587529275 0.33497815347563564 -0.2525005529472489 0.9077626933595516 0 0 0 0 0 0
-3.174196720123291 -1.3785631656646729 19.419906616210938 -0.8538196314627428 0.442526526741527 0.2741574548665546 0.1671223011918885 -0.2657574748274803 0.9494435744253837 0 0 0 0 0 0
-3.0477471351623535 -1.2977654933929443 19.933740615844727 -0.9993672317601396 0.02925395949971232 0.020232200514633963 0.014101200932771405 -0.19635039907081714 0.9804323928333787 0 0 0 0 0 0
-3.1562981605529785 -1.119117259979248 20.472702026367188 -0.8127189374681171 -0.5575877902905882 -0.16906739721056185 -0.04274170987411507 -0.2323316536741335 0.9716970458625876 0 0 0 0 0 0
-3.4385628700256348 -0.9856213331222534 20.877660751342773 -0.46316310481168244 -0.869447303899521 -0.17187589733018566 -0.22493606294485732 -0.07226205649134175 0.9716902607202098 0 0 0 0 0 0
-3.6628365516662598 -1.0190012454986572 21.35161590576172 0.09322290293978105 -0.9557853927888356 -0.27889742433190645 -0.3545933877280397 -0.29362188160553576 0.8877216455747695 0 0 0 0 0 0
-4.0418877601623535 -1.2471426725387573 21.558238983154297 0.7376535797953083 -0.6709958988677791 0.07504465282608556 -0.3922016998074112 -0.3353644172997252 0.8565678807178059 0 0 0 0 0 0
-4.26183557510376 -1.6826006174087524 21.836772918701172 0.9569207791160911 -0.23536587746353096 0.17001625281623986 -0.26137547796275334 -0.44331834232496903 0.8574098826570543 0 0 0 0 0 0
-4.321596622467041 -2.1174275875091553 22.179283142089844 0.9619889357713386 0.21586234208751243 0.1672744353510756 -0.032454333141791976 -0.5178199366715716 0.8548738090769722 0 0 0 0 0 0
-4.1533379554748535 -2.5764412879943848 22.4766845703125 0.6009447564588053 0.7441782938937546 0.2916574473282788 0.05336477031104059 -0.40143690866226195 0.9143306894408263 0 0 0 0 0 0
-3.8226113319396973 -2.798018217086792 22.828683853149414 -0.10599197981672547 0.9260578732231823 0.3621912694363117 -0.08245895548047785 -0.3711741893917673 0.9248947193007607 0 0 0 0 0 0
-3.6115517616271973 -2.8680484294891357 23.364715576171875 -0.5942619656974581 0.8014459510401135 0.06735802614983094 -0.23651831767885775 -0.25419225663427836 0.937787493022559 0 0 0 0 0 0
-3.508577823638916 -2.8477187156677246 23.857872009277344 -0.9012892870632838 0.4173056904653339 -0.11633392338526517 -0.2211360512363824 -0.2122503086872954 0.9518658798936581 0 0 0 0 0 0
-3.6376442909240723 -2.663395881652832 24.440561294555664 -0.9323556614609144 -0.09830959434324152 -0.34791973816075444 -0.3302774919939878 -0.1598588610388156 0.9302483124572353 0 0 0 0 0 0
-3.9640679359436035 -2.479874610900879 24.78937339782715 -0.6476042260795926 -0.6236449558764435 -0.4378078749562654 -0.5626150373489328 0.0038671735240518356 0.826709964085225 0 0 0 0 0 0
-4.422434329986572 -2.413327217102051 25.092578887939453 -0.16864173261028909 -0.9129305700345438 -0.3716419517742886 -0.6159705554809097 -0.19674254544962624 0.762805771864989 0 0 0 0 0 0
-4.965494632720947 -2.38409686088562 25.145963668823242 0.32912500290811064 -0.9437515513139969 0.031776435501172075 -0.670559066141987 -0.2098936043996192 0.7115442457408553 0 0 0 0 0 0
-5.33751916885376 -2.610813856124878 25.375356674194336 0.7379610328804066 -0.6009175300115647 0.30710199620791123 -0.6243731848642138 -0.4352991750132914 0.6485929033340297 0 0 0 0 0 0
-5.61071252822876 -3.069228172302246 25.5952091217041 0.8634255573660812 -0.08697925242357395 0.4969214389970595 -0.5007282899320014 -0.2676098364802823 0.8231987336486679 0 0 0 0 0 0
-5.6536736488342285 -3.5133724212646484 25.842952728271484 0.6469825444165263 0.4853048576443469 0.5881265020105094 -0.3672510914671218 -0.47762351605346764 0.798124309070292 0 0 0 0 0 0
-5.699198246002197 -3.7702715396881104 26.278602600097656 0.2793705438127149 0.8063936160544078 0.5212306929148399 -0.15871945675386573 -0.49659338070766673 0.85334819873548 0 0 0 0 0 0
-5.518465518951416 -4.020466327667236 26.76759910583496 -0.33577076549037826 0.9191338020258166 0.20603651864553643 -0.34991759624588226 -0.32479572340395874 0.8786725293850963 0 0 0 0 0 0
-5.4843316078186035 -4.1186041831970215 27.25470542907715 -0.638896488249447 0.7643368986815334 -0.08718017329886193 -0.37178528415201423 -0.2075659206485033 0.9048160537221615 0 0 0 0 0 0
-5.607553958892822 -3.953869342803955 27.766422271728516 -0.8027999575383118 0.3234167898111929 -0.5009129747218648 -0.5599695098795996 -0.12038645872067498 0.8197202257855397 0 0 0 0 0 0
-5.94133996963501 -3.721850633621216 28.095325469970703 -0.7217513645766942 -0.21695194015965674 -0.6572722597163528 -0.6721568331913856 -0.006908753875189181 0.7403765668320547 0 0 0 0 0 0
-6.351953983306885 -3.596048593521118 28.386030197143555 -0.4253081096147269 -0.721029651666602 -0.5470185127703504 -0.7837465010409586 -0.008840909302047834 0.6210179227919015 0 0 0 0 0 0
-6.850161075592041 -3.522442579269409 28.5152530670166 -0.036448236262839925 -0.9147452299876578 -0.4023837599706963 -0.8520307124220446 -0.18196772165056652 0.4908476478163923 0 0 0 0 0 0
-7.3489251136779785 -3.5630877017974854 28.491113662719727 0.2703787650340244 -0.9620994610454344 0.035495781083960634 -0.8912273075651217 -0.23617564744969533 0.3872143460693847 0 0 0 0 0 0
-7.765963077545166 -3.710125684738159 28.47126579284668 0.516444363595712 -0.691397081572907 0.5052279633023955 -0.8383134025799642 -0.2878522351667367 0.4630029479002445 0 0 0 0 0 0
-8.14195442199707 -4.061111927032471 28.415220260620117 0.4329222536864393 -0.12671404052098267 0.8924807416397852 -0.8545411504931002 -0.3728517073173013 0.361581286109365 0 0 0 0 0 0
-8.43968391418457 -4.4943461418151855 28.63664436340332 0.4367715976844489 0.40051284358316286 0.8054936583121575 -0.6809093539175719 -0.43796365895502914 0.5869840587122258 0 0 0 0 0 0
-8.614084243774414 -4.9088029861450195 29.139856338500977 0.19289493111338632 0.8965813904710136 0.398664465198274 -0.713581350789581 -0.15069388138387285 0.6841732309282352 0 0 0 0 0 0
-8.717966079711914 -5.0092878341674805 29.67583656311035 -0.285539549859186 0.9566554820377853 -0.05724905373249703 -0.7192163573371938 -0.17442295292821072 0.672535846502193 0 0 0 0 0 0
-8.816713333129883 -4.866507530212402 30.096445083618164 -0.574424957207066 0.7386609849066453 -0.3527264066020652 -0.5796995215787804 -0.06286841872753281 0.8124013950062081 0 0 0 0 0 0
-9.019067764282227 -4.742988586425781 30.558942794799805 -0.6565259976169145 0.4593753177281106 -0.5982874993807846 -0.5737084583256228 0.21085610607082778 0.7914532881846441 0 0 0 0 0 0
-9.330881118774414 -4.365159034729004 30.94011878967285 -0.5843570843352002 -0.2921475477364306 -0.7570842808689491 -0.785646525413071 -0.029927200286412763 0.6179513733210615 0 0 0 0 0 0
-9.690034866333008 -3.9931516647338867 31.02642250061035 -0.36746501134730003 -0.8334731876960054 -0.41266440460425935 -0.7462094351779897 -0.0006111360856634226 0.6657109773498036 0 0 0 0 0 0
-10.23155403137207 -3.902629852294922 31.109296798706055 0.09562970067703284 -0.9947801530836665 -0.03560066543279617 -0.7926318592875223 -0.0977343627965441 0.6018161928455888 0 0 0 0 0 0
-10.805383682250977 -4.073756217956543 31.215219497680664 0.5126789652630326 -0.8268898282121261 0.2311135880387537 -0.8214507155466093 -0.3940993103507347 0.412194681563262 0 0 0 0 0 0
-11.197664260864258 -4.389863967895508 31.172204971313477 0.5632473168704524 -0.3986824358961688 0.7237435839757983 -0.825437528837734 -0.31122448087360705 0.4709482014948237 0 0 0 0 0 0
-11.404596328735352 -4.859814643859863 31.35856819152832 0.5051056589627411 0.24581393888508066 0.8273111752742235 -0.7716759715111841 -0.3006508808157366 0.5604687706348962 0 0 0 0 0 0
-10.860841751098633 -4.626687049865723 32.3194694519043 -0.42878438030757887 -0.2830016010503965 -0.8579359236021987 0.866908498108025 0.13831390409998504 -0.4788934326556473 0 0 0 0 0 0
-10.514108657836914 -4.850961685180664 32.049102783203125 -0.6089741363980947 0.40662887009041565 -0.6810311763841554 0.7686332512335653 0.09053569747049597 -0.6332505132896853 0 0 0 0 0 0
-10.285844802856445 -5.054721355438232 31.606359481811523 -0.3901143664104813 0.8424392260356638 -0.37162740958731827 0.5749867944795706 -0.0923485072127475 -0.8129341543997799 0 0 0 0 0 0
-10.226434707641602 -5.08523416519165 31.004426956176758 0.06288298206144634 0.987674090948806 0.14333743626669776 0.5771897252404888 0.08117619319087808 -0.812565349209432 0 0 0 0 0 0
-10.148538589477539 -4.960986137390137 30.545087814331055 0.33828252206663045 0.8247242820251288 0.45320502413629005 0.5168634297179365 0.23961940706538734 -0.8218483648324938 0 0 0 0 0 0
-10.091951370239258 -4.738249778747559 30.108049392700195 0.7152458047247339 0.30403954845669473 0.629272112680927 0.622290392969127 0.13274734569169175 -0.7714485135316161 0 0 0 0 0 0
-9.894105911254883 -4.266833782196045 29.88883399963379 0.7525374633909762 -0.33282408592230445 0.5682565389179939 0.6444890036865032 0.19484857130328584 -0.7393699739563724 0 0 0 0 0 0
-9.517343521118164 -3.937995433807373 29.769563674926758 0.5082947650552134 -0.8527921774577221 0.11992470089344558 0.6529115624701354 0.2908072423122843 -0.6993837568971208 0 0 0 0 0 0
-9.059206008911133 -3.8859095573425293 29.563817977905273 0.2380775365982085 -0.9684284273963909 0.07392880073342128 0.9242378619943473 0.2025034388497523 -0.32369234113605877 0 0 0 0 0 0
-8.443490982055664 -3.779244899749756 29.56191062927246 -0.13029085345672403 -0.9586503355892353 -0.2530095404923795 0.9353837690771138 -0.03423496239739627 -0.35197325451906375 0 0 0 0 0 0
-7.996912479400635 -4.022664546966553 29.65116310119629 -0.27537388965999265 -0.3203573907111562 -0.906388638008148 0.9578409672264341 -0.011094244486988288 -0.28708465518378473 0 0 0 0 0 0
-7.521158695220947 -4.296914577484131 29.46346092224121 -0.46610529419239505 0.21341468167989402 -0.858603533867227 0.8408368782446292 -0.19502244944072852 -0.5049352318842144 0 0 0 0 0 0
-7.228891849517822 -4.567343711853027 29.11577796936035 -0.41534016253475636 0.7470300750925417 -0.5190747694627755 0.8368672704101179 0.09011206448214808 -0.5399379478709417 0 0 0 0 0 0
-6.927584171295166 -4.69018030166626 28.651350021362305 -0.48131303918069007 0.8428673404407815 -0.2406499630852479 0.6874250251573654 0.19261917904476436 -0.700246161468606 0 0 0 0 0 0
-6.887636661529541 -4.661985397338867 28.094348907470703 -0.07549171010239285 0.9586625830527687 0.2743484163621313 0.7583523191712688 0.2338447230018536 -0.6084557547856249 0 0 0 0 0 0
-6.817301273345947 -4.407773971557617 27.687170028686523 0.45499803271767697 0.6439614527507147 0.615053198995203 0.6049541059448826 0.2833111168249795 -0.744154110909703 0 0 0 0 0 0
-6.740541934967041 -4.133428573608398 27.290544509887695 0.6488709844612354 0.33876026159085426 0.68132806392457 0.5525084196486201 0.40589348231889677 -0.7280006368324301 0 0 0 0 0 0
-6.587976932525635 -3.6580140590667725 27.17167854309082 0.8606113046979338 -0.28369310958317406 0.4229260003844043 0.5075656953761302 0.5455546369895458 -0.6668936968787084 0 0 0 0 0 0
-6.287943363189697 -3.2160720825195312 27.17915153503418 0.7047534308454113 -0.7056033931184416 0.07380009032084055 0.5952817385694222 0.5315397274008911 -0.6025820856284666 0 0 0 0 0 0
-5.8330254554748535 -2.9618887901306152 27.1458797454834 0.2331375543227146 -0.8703539767670905 -0.4337405167725677 0.574755280610837 0.4831152371000932 -0.6604968092971221 0 0 0 0 0 0
-5.2955498695373535 -2.8382060527801514 26.914613723754883 -0.3697451742664156 -0.7448225754588018 -0.5554528217532211 0.4823305716620625 0.35708998578023343 -0.7999024701147139 0 0 0 0 0 0
-4.885622501373291 -2.976900100708008 26.532636642456055 -0.6173720655779211 -0.5303814329492736 -0.5809881825189959 0.6238425888430472 0.1198361382555381 -0.7723080501416546 0 0 0 0 0 0
-4.561800479888916 -3.221526622772217 26.180965423583984 -0.8617088985735804 0.1269067766412364 -0.49127634195189807 0.5069806904810441 0.17584993597915732 -0.8438289989657206 0 0 0 0 0 0
-4.378511905670166 -3.274719715118408 25.675779342651367 -0.8974221006952748 0.3964896175674645 -0.19346719707714216 0.2780031774654722 0.16772253005079035 -0.9458241835734922 0 0 0 0 0 0
-4.4207329750061035 -3.4828248023986816 25.204072952270508 -0.523585292995112 0.8508423433893315 -0.043883341428995054 0.12379492372865994 0.025016689703070433 -0.9919924304627105 0 0 0 0 0 0
-4.652567386627197 -3.5091211795806885 24.71639060974121 0.1969372899602346 0.9469674447490142 0.2539062078970133 0.1771009669862303 0.22035691886540265 -0.9592070036236645 0 0 0 0 0 0
-4.687571048736572 -3.2572362422943115 24.257343292236328 0.5748401035626802 0.6775645001113934 0.45876486736109684 0.170383045800164 0.4492520459059834 -0.8770075352886927 0 0 0 0 0 0
-4.697855472564697 -2.7805867195129395 23.9405460357666 0.8393970931368662 0.14136797594916142 0.5248119810078813 0.35346049952947584 0.5915343608039819 -0.7246742545865681 0 0 0 0 0 0
-4.5922722816467285 -2.272686243057251 23.767059326171875 0.9283407092498257 -0.36439461085793284 0.073485339539436 0.2805466687497296 0.5571028459958737 -0.7816201031426503 0 0 0 0 0 0
-4.281168460845947 -1.92006516456604 23.44466209411621 0.57355663589675 -0.8188977894298664 -0.020957000875150924 0.3817621936545875 0.2898467663106251 -0.877636872262846 0 0 0 0 0 0
-3.7844948768615723 -1.6910799741744995 23.252992630004883 -0.055379302732557346 -0.941857928617359 -0.33141631693305923 0.4257450915563242 0.27796345925390054 -0.8610908386083914 0 0 0 0 0 0
-3.4266152381896973 -1.7445343732833862 22.895235061645508 -0.6575960141875599 -0.6281757565841745 -0.415887846617973 0.4479204169958412 0.11786273651408374 -0.8862706558268099 0 0 0 0 0 0
-3.179537296295166 -1.9632593393325806 22.439857482910156 -0.9651775924968194 0.025219921888252523 -0.2603769776343409 0.25557167177084017 0.3032788077037949 -0.917989697864863 0 0 0 0 0 0
-3.106386661529541 -1.9786832332611084 21.908992767333984 -0.9892869703792403 0.13318867444674587 0.05976677368725083 -0.035685926880141015 0.17634972570091811 -0.9836804810851522 0 0 0 0 0 0
-3.269197940826416 -2.0905940532684326 21.42121696472168 -0.662704584165179 0.6970264224231306 0.27381891930702773 -0.23254068634243 0.15603057027244246 -0.9599892136559911 0 0 0 0 0 0
-3.5382637977600098 -2.1735129356384277 21.0465030670166 -0.09721399661862447 0.9658096540359541 0.24033549682139135 -0.24551953375860405 0.21074452311621025 -0.9462065865969645 0 0 0 0 0 0
-3.8453316688537598 -2.046452522277832 20.591482162475586 0.16439073241151642 0.9472550890170726 0.2751063129563971 -0.19908427659918726 0.3050235054592665 -0.9313034478237043 0 0 0 0 0 0
-4.1546502113342285 -1.7443701028823853 20.280372619628906 0.7645295975634377 0.6096251941970403 0.20940777695613166 -0.10587615731574378 0.4392235103974429 -0.8921171151963175 0 0 0 0 0 0
-4.260172367095947 -1.3374437093734741 20.004413604736328 0.9960755007297196 0.07771906366538782 -0.042347892379830464 -0.06545951690033674 0.3248571703994876 -0.9434950293918951 0 0 0 0 0 0
-4.198130130767822 -0.8955065011978149 19.739124298095703 0.8674207433509171 -0.4149119540994614 -0.2746439956560288 -0.04588879774238728 0.4829047471586041 -0.8744696812431194 0 0 0 0 0 0
-4.0706658363342285 -0.5072863101959229 19.372949600219727 0.5074966799146005 -0.8412058562497736 -0.18660071620104396 0.11117030940282181 0.27867437547097407 -0.9539296382664413 0 0 0 0 0 0
-3.7316231727600098 -0.33122289180755615 19.11322784423828 -0.0697934011455696 -0.9232655958466616 -0.377769136752121 0.26298270014096675 0.3482673856918683 -0.899749924973555 0 0 0 0 0 0
-3.405642032623291 -0.2509576082229614 18.72097396850586 -0.6625429025949177 -0.6974250477358194 -0.27319444542631444 0.2646190609406532 0.1232721426116691 -0.956441703107312 0 0 0 0 0 0
-3.1737465858459473 -0.4750438928604126 18.299041748046875 -0.9520734903561359 -0.2116090403137553 -0.22085670245336933 0.2322061072856819 -0.03005504074311893 -0.9722021488688245 0 0 0 0 0 0
-3.1211113929748535 -0.913762092590332 17.965425491333008 -0.8380103698706524 0.4736546402683832 -0.2709057063656674 0.3302393892204598 0.04502863694453156 -0.9428225536452843 0 0 0 0 0 0
-3.2238259315490723 -1.0813477039337158 17.3870906829834 -0.4584837009043763 0.8884039616561682 0.023045540103283902 0.34381453867328204 0.20122746219443255 -0.9172235667794775 0 0 0 0 0 0
-3.2929177284240723 -1.0177010297775269 16.85826301574707 -0.11306759230662841 0.9690767537385986 0.2193307204507417 0.15081139461010587 0.23492721205733172 -0.9602422237595702 0 0 0 0 0 0
-3.5618996620178223 -0.9376528263092041 16.52265167236328 0.43318044891247526 0.8798303590808935 0.1955843498840656 0.027415679972203552 0.20403797364907048 -0.9785790135706177 0 0 0 0 0 0
-3.667055606842041 -0.6292420625686646 15.990447998046875 0.7298848578810104 0.6262878474887952 0.2739190141700071 0.11878585607018113 0.27841605958347976 -0.9530867841721878 0 0 0 0 0 0
-3.691561222076416 -0.24407589435577393 15.577308654785156 0.9289531855748036 -0.013810385781031692 0.3699395251321539 0.37009357752009836 0.05828966940176945 -0.9271639867463617 0 0 0 0 0 0
-3.3743767738342285 0.07455408573150635 15.195514678955078 0.7194055058486792 -0.5072971612632983 0.4744526407649188 0.5768343360451949 0.05582944136441774 -0.8149510551169538 0 0 0 0 0 0
-2.9035820960998535 0.2444669008255005 15.030647277832031 0.30599239662654726 -0.9378946800439925 0.16346933153322232 0.3954302252681042 -0.030986232423688122 -0.9179731969641608 0 0 0 0 0 0
-2.4553704261779785 0.27952873706817627 14.78110122680664 -0.3640823945730019 -0.9223405960039469 -0.12935159421156261 0.5958817569814866 -0.12394118302789785 -0.7934503858757029 0 0 0 0 0 0
-1.9569497108459473 0.09836113452911377 14.66920280456543 -0.642305511564853 -0.6509571324221064 -0.4045966405720649 0.6098003912770266 -0.11423388312336054 -0.7842793524917917 0 0 0 0 0 0
-1.6433587074279785 -0.29461872577667236 14.347246170043945 -0.9011455389584088 -0.00608563960708616 -0.43347396992891246 0.4096786107198287 -0.33895703879203487 -0.8469188637478834 0 0 0 0 0 0
-1.5834603309631348 -0.7029385566711426 13.973779678344727 -0.6995196436116565 0.59228878178876 -0.399832799015548 0.18550749165094607 -0.38982288844394636 -0.902011688497767 0 0 0 0 0 0
-1.749025821685791 -0.977957010269165 13.518463134765625 -0.1609496067080876 0.9355475100551626 -0.31439796521303637 0.23344673300319746 -0.2734255698658782 -0.9331350816434103 0 0 0 0 0 0
-1.7866921424865723 -1.0394670963287354 12.9248046875 0.1994225338914573 0.9772661113232216 0.07198333581808446 0.17302961830058924 0.03718642035873931 -0.9842143675702237 0 0 0 0 0 0
-1.9711709022521973 -0.8879249095916748 12.489171981811523 0.7442143777989213 0.651659984650676 0.14657497836413022 0.12592760699251923 0.07862024559353467 -0.9889191548250796 0 0 0 0 0 0
-1.9987664222717285 -0.6082968711853027 12.029888153076172 0.9507582397583064 0.09175715732296055 0.2960395135986012 0.29880908243366416 -0.01776217445072805 -0.9541475972898186 0 0 0 0 0 0
-1.8087716102600098 -0.3436316251754761 11.555201530456543 0.8037846829859309 -0.5127647231629372 0.30166624285266475 0.33713545249022076 -0.025195769951632807 -0.9411189403315389 0 0 0 0 0 0
-1.4296059608459473 -0.2182692289352417 11.148055076599121 0.4246630108054804 -0.77894010785923 0.4614256555739783 0.5656503835807004 -0.16966740031836425 -0.8070022409040849 0 0 0 0 0 0
-0.896822452545166 -0.1920069456100464 10.900390625 -0.0986592550077071 -0.973195213005229 0.20774366123911184 0.5943310195980858 -0.225064992989522 -0.7720857388102219 0 0 0 0 0 0
-0.43303152918815613 -0.36225426197052 10.916208267211914 -0.4480705199542403 -0.8393993579014721 -0.30763863070578906 0.6833928317321096 -0.09974068400282671 -0.7232053881794694 0 0 0 0 0 0
0.0080771679058671 -0.6918377876281738 10.8250732421875 -0.6944909130829691 -0.3923809303484819 -0.603091682204326 0.719230244815263 -0.4016118922871111 -0.5669353957167808 0 0 0 0 0 0
0.25057747960090637 -1.1407877206802368 10.591177940368652 -0.6782186990364801 0.29979931222338824 -0.6709245625758886 0.5837101572989879 -0.33487119225524264 -0.739691649853872 0 0 0 0 0 0
0.34335091710090637 -1.4968271255493164 10.009510040283203 -0.42789807149658043 0.8501828729352496 -0.306744719558581 0.49603689785711347 -0.06280531043307694 -0.866027071716408 0 0 0 0 0 0
0.35479500889778137 -1.6584841012954712 9.521751403808594 0.21924138690551256 0.9708482302222481 0.09688616073555772 0.7055913136937283 -0.08918527997367505 -0.7029842700060764 0 0 0 0 0 0
0.4751181900501251 -1.4505566358566284 9.022856712341309 0.46969015880318 0.6873092997690049 0.5540731731229043 0.6941498985196214 0.10026800873757043 -0.7128129101026452 0 0 0 0 0 0
0.691129207611084 -1.0743470191955566 8.583954811096191 0.6169381883703835 0.2504853683422227 0.746086021834433 0.7313262424020711 0.16779041019546614 -0.6610660371101397 0 0 0 0 0 0
0.981442928314209 -0.5655007362365723 8.416694641113281 0.7133559798362782 -0.32094557945166224 0.6229905144239841 0.6924665466279489 0.18610903688827413 -0.697031927668799 0 0 0 0 0 0
1.3855719566345215 -0.2985497713088989 8.232645988464355 0.4336384069212868 -0.7640765056305369 0.4776450832848558 0.8619226043670104 0.19714495046650654 -0.4671437600854247 0 0 0 0 0 0
1.845426082611084 -0.12130415439605713 8.338123321533203 0.2177011831682459 -0.9721898429620138 -0.0863313621382227 0.8861459485339754 0.23395501525685417 -0.40001301070463496 0 0 0 0 0 0
2.3662848472595215 -0.1071397066116333 8.362340927124023 -0.15372994392034817 -0.7748822804300847 -0.6131268676364773 0.7968677279397544 0.26967864499893285 -0.5406248723465034 0 0 0 0 0 0
2.8255362510681152 -0.31983959674835205 8.282931327819824 -0.5120309523184469 -0.30004748207752907 -0.8048576348440756 0.7773013995468057 0.23690753475018478 -0.5828184573614386 0 0 0 0 0 0
3.2359061241149902 -0.5260132551193237 7.997698783874512 -0.6760060361070706 0.22714285610789817 -0.7010149513854557 0.7350040240974486 0.2759662594782717 -0.6193639545454097 0 0 0 0 0 0
3.5464377403259277 -0.5879138708114624 7.521069526672363 -0.7150436924814465 0.6353945852608016 -0.29152399363303244 0.6152310946820544 0.37392967040045827 -0.6940225513126543 0 0 0 0 0 0
3.6571249961853027 -0.540942907333374 6.974478721618652 -0.3561269532563436 0.9045190810192256 0.23456092009644203 0.6649066343504874 0.4216638754339306 -0.6165214868524422 0 0 0 0 0 0
3.7955069541931152 -0.3100534677505493 6.60861873626709 0.008058548041822166 0.8495176003486703 0.5274987265399741 0.5249742380437655 0.4453786116360034 -0.7252861102265465 0 0 0 0 0 0
3.7595267295837402 0.06509912014007568 6.226351737976074 0.5562636733877211 0.3760246730926398 0.7410642150952724 0.5486981390206161 0.5035367925259526 -0.6673687517467299 0 0 0 0 0 0
3.921750545501709 0.6152793169021606 6.060376167297363 0.6903129469334713 -0.19058567753681932 0.6979578316874581 0.7052453521184635 0.39264451063361966 -0.5903043973956064 0 0 0 0 0 0
4.315946102142334 0.9565647840499878 5.89579963684082 0.5306837909708361 -0.6912663910750949 0.4904339818679331 0.8406325687227321 0.3553940101559816 -0.4086954635763301 0 0 0 0 0 0
4.7910284996032715 1.150516390800476 5.9956159591674805 0.30066015525788736 -0.9528142907724111 -0.04181385344799477 0.8683187008114005 0.29160559650058343 -0.4012341086083545 0 0 0 0 0 0
5.2133612632751465 1.2926751375198364 6.118494033813477 0.08254057217167342 -0.8838952061667207 -0.4603436960153393 0.9452722487664278 0.21575093876792908 -0.24476909145727124 0 0 0 0 0 0
5.715085506439209 1.1439367532730103 6.280508041381836 -0.3478851426928577 -0.3598334983460718 -0.8657342438425301 0.8845576532449007 0.18004240272420038 -0.4302818742489288 0 0 0 0 0 0
6.202977657318115 1.0469380617141724 6.054665565490723 -0.5990538861928236 0.08248385849084906 -0.7964489026458239 0.7994122511593409 0.11819101482373601 -0.5890423895708103 0 0 0 0 0 0
6.525960445404053 0.9438332319259644 5.655622482299805 -0.7302619513791347 0.4511953318992352 -0.5129719825100365 0.6339211561481884 0.1676130257268846 -0.7550164510753543 0 0 0 0 0 0
6.6837286949157715 0.8737994432449341 5.131452560424805 -0.518214637031641 0.8552466740804704 0.0025916096268933024 0.5650815280251256 0.3446680067969269 -0.7495911097227759 0 0 0 0 0 0
6.68189001083374 0.9745885133743286 4.567686080932617 -0.29735084744717954 0.9049033021976964 0.3045200932519043 0.22248956740857387 0.375838583202483 -0.8995797639846597 0 0 0 0 0 0
6.456113338470459 1.1504942178726196 4.14869499206543 0.3081775994249169 0.8383682879256339 0.449627824999006 0.06493634161862308 0.4529910246314585 -0.8891470087339499 0 0 0 0 0 0
6.237218379974365 1.506027340888977 3.787025213241577 0.7908612342282151 0.49787200329389575 0.3558960192684761 0.08544659556326153 0.4860087640314845 -0.8697668426602828 0 0 0 0 0 0
6.22125768661499 2.033074140548706 3.585636854171753 0.9797899380497715 -0.19733801289475908 0.03270146729388366 0.11781465971094972 0.43720191165994826 -0.8916132538259399 0 0 0 0 0 0
6.499364376068115 2.4655020236968994 3.347928762435913 0.6884890240952656 -0.7118981706674152 -0.13850580601814683 0.17580334669029718 0.3491029483224705 -0.9204457152733396 0 0 0 0 0 0
6.8041510581970215 2.7315027713775635 3.0023438930511475 0.14416206847196983 -0.9809188540047524 -0.13044347385701738 0.26661168272862096 0.16544795872767815 -0.9494973320581043 0 0 0 0 0 0
7.2333502769470215 2.719452142715454 2.6086466312408447 -0.5654598676661082 -0.820065938973856 -0.08801700854923121 0.15727319994718517 -0.002451390735911884 -0.9875520904042646 0 0 0 0 0 0
7.4993720054626465 2.3767902851104736 2.1906511783599854 -0.944199033665997 -0.3111563371728088 -0.10802739773501316 0.14520643096956548 -0.09884429997506876 -0.9844515715704453 0 0 0 0 0 0
7.59131383895874 2.1484291553497314 1.7323938608169556 -0.98631469092739 0.16475453621589942 -0.006266837886104679 -0.041176854694747786 -0.2829574450817357 -0.9582481677051432 0 0 0 0 0 0
7.403378963470459 1.7694898843765259 1.429902195930481 -0.7020918332191963 0.6985003595138877 -0.1384352032030787 -0.1075767288818712 -0.29621973845557137 -0.9490422087306705 0 0 0 0 0 0
7.0895209312438965 1.5513957738876343 1.0346704721450806 -0.26498091237677374 0.941656656109323 -0.20752796939444224 -0.2986547160756248 -0.2847862328525404 -0.9108798834881834 0 0 0 0 0 0
6.6158881187438965 1.5818723440170288 0.7888752222061157 0.4389049209105089 0.8110675167097214 -0.3866936174012513 -0.47842185742167 -0.15333921240691442 -0.864638428639178 0 0 0 0 0 0
6.26166296005249 1.7154008150100708 0.4007789194583893 0.8660293121507043 0.3571212496284089 -0.34993948556803556 -0.34450923966196806 -0.08102626051538246 -0.9352797062346784 0 0 0 0 0 0
6.2116522789001465 1.9332376718521118 -0.06522522121667862 0.9348540043803212 -0.302951481932422 -0.1851172333658538 -0.2338674012631794 -0.13317159341894094 -0.9631050645348447 0 0 0 0 0 0
6.277066707611084 2.0875799655914307 -0.6173008680343628 0.6304242737955162 -0.7570844924198247 0.17143017921828235 0.028180840826949237 -0.1983765420258239 -0.9797206682438432 0 0 0 0 0 0
6.530675411224365 2.049024820327759 -1.1116384267807007 0.12923240762627172 -0.9062948893809785 0.40240347699918916 0.05988357854223156 -0.3979329303203771 -0.9154579946603855 0 0 0 0 0 0
6.809972286224365 1.8162046670913696 -1.4844626188278198 -0.5972978464878151 -0.6787648381654002 0.42721607770695685 0.04634549157157639 -0.5609964193699574 -0.8265198805020215 0 0 0 0 0 0
6.958409786224365 1.2868472337722778 -1.7352352142333984 -0.9098027510287428 -0.3149163160045152 0.27034546072511734 -0.05461421617654086 -0.5548689432865241 -0.8301432064213489 0 0 0 0 0 0
6.9321112632751465 0.7773667573928833 -2.009970188140869 -0.9805481318871111 0.17832683220738438 0.08200549961786753 -0.14936372548693572 -0.406868384664704 -0.9011928734011371 0 0 0 0 0 0
6.650815486907959 0.44052398204803467 -2.3006935119628906 -0.7363076447298403 0.6721206343635652 -0.07813389261462664 -0.42349595724740097 -0.5478129223648422 -0.7214930188748877 0 0 0 0 0 0
6.271092891693115 0.1399773359298706 -2.496915340423584 -0.44604664063777316 0.8787257460983369 -0.16995133868163073 -0.6207865956614119 -0.440538882055806 -0.6484978766689492 0 0 0 0 0 0
5.781713008880615 -0.031287070363759995 -2.7033610343933105 0.06964325208028942 0.86565902177172 -0.4957663516868709 -0.727447551724706 -0.29599975609305856 -0.6190348971444026 0 0 0 0 0 0
5.309384822845459 -0.04462301358580589 -2.907567024230957 0.4495464715434781 0.5887971853245931 -0.6717334623767419 -0.7930032979800206 -0.08307915103431096 -0.603525992858824 0 0 0 0 0 0
4.9143195152282715 0.1340113878250122 -3.0976736545562744 0.6184336775759345 0.08136090001811233 -0.7816138371268434 -0.7854324618732678 0.0320856879371083 -0.6181151644032852 0 0 0 0 0 0
4.685628414154053 0.6300674676895142 -3.3845293521881104 0.4151225642474775 -0.4672098781556109 -0.780633195813769 -0.7826445110495113 0.2540735020843992 -0.5682554222025867 0 0 0 0 0 0
4.478505611419678 0.8530465364456177 -3.8693747520446777 0.3620755639970977 -0.8418071194465713 -0.4003274404849731 -0.6127140099052208 0.10872291263783225 -0.7827904383252337 0 0 0 0 0 0
4.477590084075928 0.9828909635543823 -4.39272403717041 -0.1582216886848028 -0.9869722455813518 0.029183620094726408 -0.612125574918982 0.07485307740146697 -0.7872098178590229 0 0 0 0 0 0
4.549230098724365 0.9231466054916382 -4.914385795593262 -0.5991587370400664 -0.7306745393719687 0.3272973042084425 -0.5526409558268649 0.08164479430517503 -0.8294106953166416 0 0 0 0 0 0
4.46405553817749 0.5955420732498169 -5.309941291809082 -0.8621940007351483 -0.18580311054596116 0.4712734972473676 -0.4538994497968043 -0.12973605364423194 -0.8815576248090531 0 0 0 0 0 0
4.2161688804626465 0.2677651643753052 -5.639471054077148 -0.7377539561808069 0.42085281378926453 0.5278276321539324 -0.5842685836560149 -0.006405607614305707 -0.8115350826327139 0 0 0 0 0 0
3.7161459922790527 0.17298352718353271 -5.931403160095215 -0.3401900215071979 0.8214106293873022 0.4577721345784259 -0.6018678926866711 0.18383869591145857 -0.7771475880670802 0 0 0 0 0 0
3.1911978721618652 0.21835529804229736 -6.112271308898926 0.09340284971832694 0.9398983617944221 0.32843108433986135 -0.7984242803832687 0.2677820622217814 -0.5392693535207701 0 0 0 0 0 0
2.7257742881774902 0.3842662572860718 -6.1605224609375 0.48270223150778585 0.8181106641840235 -0.3125595892718374 -0.7735368259694984 0.23092327734111132 -0.5901823606742871 0 0 0 0 0 0
2.2850241661071777 0.6232050657272339 -6.300383567810059 0.7415177410247052 0.5036254076609147 -0.44329774249819465 -0.6318092736801821 0.30182643091209715 -0.7139452691170282 0 0 0 0 0 0
2.0170493125915527 1.03134286403656 -6.490307807922363 0.7239665156677113 -0.13359609136912123 -0.67677512407213 -0.6496181839889275 0.1980499633742052 -0.7340111899953597 0 0 0 0 0 0
1.8540244102478027 1.4343336820602417 -6.78195858001709 0.3898061332950133 -0.662880115796235 -0.6392504442920323 -0.6078861045054836 0.33621843218752895 -0.7193272202596732 0 0 0 0 0 0
1.7776007652282715 1.724603295326233 -7.2520270347595215 0.0956982971913371 -0.9127700069433494 -0.3971054650081212 -0.438126071479469 0.31959117238644535 -0.8401827348991555 0 0 0 0 0 0
1.7116293907165527 1.8270589113235474 -7.842419147491455 -0.3638839918757237 -0.9297073390944987 0.056856873730581826 -0.6757195675810832 0.22147548321276403 -0.7031014694364582 0 0 0 0 0 0
1.5280814170837402 1.7012454271316528 -8.315553665161133 -0.636059552647165 -0.48671522778311993 0.5987792018184285 -0.715747479183458 0.08218524619702626 -0.6935064032509431 0 0 0 0 0 0
1.212125301361084 1.4474543333053589 -8.66597843170166 -0.6562391368900427 0.027390111833752923 0.7540556856012336 -0.7498561531478015 0.08765613300598303 -0.6557683675908884 0 0 0 0 0 0
0.8913168907165527 1.1787022352218628 -8.846451759338379 -0.5707369703660082 0.49750724301114113 0.653257876958926 -0.7807539537269579 -0.0823870273595337 -0.6193832750911046 0 0 0 0 0 0
0.4107413589954376 0.9712320566177368 -8.86474895477295 -0.11667369197656 0.9830562913596217 0.1413774296655064 -0.6905562384905395 0.022011126192849086 -0.7229436989181935 0 0 0 0 0 0
-0.07683036476373672 1.1038182973861694 -9.104018211364746 0.34027243029411247 0.9361980807160083 0.08802174075420661 -0.6591790383338642 0.30424353079454836 -0.6876909693975258 0 0 0 0 0 0
-0.532778263092041 1.4047771692276 -9.171298027038574 0.7135929531065213 0.6818197369659679 -0.1609563405410681 -0.5937920103903958 0.46674095485885225 -0.6554112674145748 0 0 0 0 0 0
-0.845858097076416 1.7754522562026978 -9.267988204956055 0.8328597427525383 0.17970784711737875 -0.5234976013188719 -0.5330519687485445 0.5150488914678745 -0.6712527378052282 0 0 0 0 0 0
-0.9684853553771973 2.2944438457489014 -9.44935417175293 0.6158706879243963 -0.3579457438037682 -0.7018391127945905 -0.560609394774471 0.4268052615686689 -0.7096156531446455 0 0 0 0 0 0
-0.991762638092041 2.6099917888641357 -9.84996223449707 0.1704204025007902 -0.8087289060567266 -0.562951545801021 -0.3400611509252458 0.4879386313195348 -0.8039118768232102 0 0 0 0 0 0
-0.9977593421936035 2.8744237422943115 -10.354623794555664 -0.13621863685528934 -0.9516630448798803 -0.2752851830070802 -0.16219560563207516 0.2955494540450944 -0.9414579681150356 0 0 0 0 0 0
-0.8599495887756348 2.9446141719818115 -10.869526863098145 -0.7046137206209435 -0.7095096447294551 0.010750290628331305 -0.2340704436070269 0.21809990437268492 -0.947440477888841 0 0 0 0 0 0
-0.8959298133850098 2.8012235164642334 -11.35983943939209 -0.9411696225535089 -0.1651883235173194 0.2948093610386603 -0.3251250402388953 0.20470851958472994 -0.9232486827605471 0 0 0 0 0 0
-1.184664249420166 2.4756767749786377 -11.662710189819336 -0.8109418362916837 0.5256569907463968 0.2570176379770739 -0.4109313114413378 -0.1989393984740808 -0.8896957755389611 0 0 0 0 0 0
-1.5286507606506348 2.244933843612671 -12.009537696838379 -0.2817298797481487 0.9488113772835755 0.1427769070765237 -0.5930547824840847 -0.055220008467734095 -0.8032663167577603 0 0 0 0 0 0
-2.0165047645568848 2.323652505874634 -12.328828811645508 0.18158194462079952 0.960498892672061 0.210878814875922 -0.6061930880898092 0.27818380530071046 -0.7450796671635573 0 0 0 0 0 0
-2.4902291297912598 2.4954020977020264 -12.358227729797363 0.575091176931586 0.7718550274987461 -0.27112719291939946 -0.639232917413119 0.21714076421228257 -0.7377202490191106 0 0 0 0 0 0
-2.8493218421936035 2.830728769302368 -12.55809497833252 0.8065044327645887 0.31739471169481964 -0.49880978029628836 -0.5696947117985609 0.19157211963131845 -0.7992171534249742 0 0 0 0 0 0
-3.0638909339904785 3.2275288105010986 -12.918548583984375 0.8424728373675773 -0.2660939962840074 -0.4684372993682614 -0.420334641658033 0.21922098927996833 -0.880489038478802 0 0 0 0 0 0
-3.050325870513916 3.619837522506714 -13.307258605957031 0.459039125068799 -0.7901237911343398 -0.40618650437892373 -0.423049183309987 0.20763661062582087 -0.8819957065817126 0 0 0 0 0 0
-3.0092339515686035 3.7747690677642822 -13.79416275024414 0.043936937493148226 -0.9711914504973381 -0.23421509772984248 -0.23134132055051077 0.2181785467992354 -0.9480924612729076 0 0 0 0 0 0
-2.8160500526428223 3.7926113605499268 -14.356681823730469 -0.4417318253857742 -0.8960914912372098 0.04350900795956834 -0.2832306185919631 0.09327440532122842 -0.9545052655716391 0 0 0 0 0 0
-2.699678897857666 3.6985795497894287 -14.858158111572266 -0.5989960024828669 -0.7774492455463038 0.19177189473180986 0.007819222555539159 -0.24515721555393857 -0.969451803557282 0 0 0 0 0 0
-2.5631279945373535 3.2778236865997314 -15.248855590820312 -0.993606083044486 0.0262796939889594 0.10980131793763087 -0.11261648433254659 -0.16152182140514815 -0.9804224745825346 0 0 0 0 0 0
-2.7727837562561035 2.973688840866089 -15.659584045410156 -0.8560147936634722 0.49782055387298757 0.13933186703290404 -0.3500272002496867 -0.3598151791939764 -0.8648780237160456 0 0 0 0 0 0
-3.1204705238342285 2.6811258792877197 -15.91477108001709 -0.3666086999360148 0.926849154235723 -0.08092407814581641 -0.340768655999904 -0.21470458698280778 -0.9153024983122033 0 0 0 0 0 0
-3.6483559608459473 2.601222276687622 -16.1276798248291 0.2162837541181934 0.8895919893303117 -0.40230265997614223 -0.2570120879176173 -0.34564545194948615 -0.9024821373361704 0 0 0 0 0 0
-3.9860939979553223 2.6492488384246826 -16.560550689697266 0.659627447076149 0.6486482792873708 -0.37966701310666306 -0.23455340610913858 -0.3022635110136625 -0.9239163758654217 0 0 0 0 0 0
-4.215334415435791 2.800758123397827 -17.018936157226562 0.9722273891832393 0.04481794897970244 -0.22970688969030809 -0.21322434814794206 -0.23500800467173774 -0.948317781704579 0 0 0 0 0 0
-4.201517581939697 2.931337594985962 -17.619945526123047 0.8850831825219025 -0.4413196967234733 0.14786712041830666 0.04711091540063387 -0.23112002479365096 -0.9717839758863575 0 0 0 0 0 0
-3.9585366249084473 3.098632574081421 -18.086984634399414 0.337209754405693 -0.897776029195951 0.28335098894269484 0.1561325363918077 -0.24347966073232583 -0.9572566457797681 0 0 0 0 0 0
-3.5620675086975098 3.018328905105591 -18.426355361938477 -0.08728081166943713 -0.964918689530741 0.2476166038629107 0.38573897447252464 -0.26191019407020777 -0.8846516228521775 0 0 0 0 0 0
-3.1475167274475098 2.7604048252105713 -18.66732406616211 -0.6393592811932591 -0.7675980635828065 -0.04486560303801553 0.32696882025345575 -0.21860522695416715 -0.9194036900787274 0 0 0 0 0 0
-2.9896950721740723 2.4539382457733154 -19.023517608642578 -0.9069552404967969 -0.392618281813308 -0.152587930457697 0.36249799918757625 -0.542994435362583 -0.7574643514715881 0 0 0 0 0 0
-2.851870059967041 1.9520827531814575 -19.0699405670166 -0.7835625967631962 0.09498833840755362 -0.6140088537800485 0.4911236241792393 -0.5106195496602877 -0.7057373883235709 0 0 0 0 0 0
-2.8203225135803223 1.4815179109573364 -19.380992889404297 -0.5132817753000123 0.6345450298285074 -0.577835983878476 0.23567549838681995 -0.5431952239641825 -0.8058511079117691 0 0 0 0 0 0
-2.9932122230529785 1.1433387994766235 -19.83062744140625 0.14311247194851476 0.938808469978416 -0.3133009369114159 0.39105961285773394 -0.34443942268644767 -0.8534833702486453 0 0 0 0 0 0
-2.9822182655334473 1.008299708366394 -20.363174438476562 0.4741572163344372 0.8793721412604855 -0.043354023722447184 0.3539904052529152 -0.23549470087800073 -0.9051149312917437 0 0 0 0 0 0
-3.0135369300842285 1.0539861917495728 -20.84014892578125 0.8109672552199162 0.5120767220370804 0.2830362904449425 0.4141570320454367 -0.16070618029077366 -0.8959059528899584 0 0 0 0 0 0
-2.8298745155334473 1.262416958808899 -21.362018585205078 0.7944934595952275 -0.04545333859625344 0.6055692666168426 0.564740312336975 -0.3113237500831459 -0.7642943819338874 0 0 0 0 0 0
-2.4600701332092285 1.417643666267395 -21.75984764099121 0.6396820904294531 -0.3484301539574048 0.6851300978624603 0.7362886638762013 0.021892640277591018 -0.6763133266091053 0 0 0 0 0 0
-1.979189395904541 1.677998661994934 -21.918699264526367 0.2751951336165887 -0.8975633457543811 0.344452723594907 0.6852865502776031 -0.06814847548390084 -0.7250780160078242 0 0 0 0 0 0
-1.499239444732666 1.6645714044570923 -22.04532814025879 -0.2479180090580044 -0.9687469033349142 -0.00813007156976993 0.7713891542437075 -0.19232010589403956 -0.6066067503614541 0 0 0 0 0 0
-1.0127816200256348 1.4668625593185425 -22.03632164001465 -0.5996090007359105 -0.6542971820512999 -0.4608299510624401 0.7717684972039446 -0.3203849333831968 -0.5492967150681037 0 0 0 0 0 0
-0.6587624549865723 1.0079008340835571 -22.211536407470703 -0.7059338822112298 -0.0700311683480725 -0.7048070582833189 0.6714613838596822 -0.38282302178023075 -0.6344967643576237 0 0 0 0 0 0
-0.4215035140514374 0.640565037727356 -22.54578971862793 -0.615475802575025 0.33009661853589206 -0.7156994892242126 0.5302760425846607 -0.4983739477622826 -0.6858795279439303 0 0 0 0 0 0
-0.24777457118034363 0.2796741724014282 -22.925806045532227 -0.3843275537194207 0.7750822776640162 -0.5015374306103252 0.5190904253092045 -0.26782265600226723 -0.8116749073885435 0 0 0 0 0 0
-0.25578543543815613 -0.0015903681050986052 -23.499074935913086 0.00965505700207555 0.9857325259501526 -0.16804215887157178 0.4499677673178663 -0.1543572739059659 -0.8796037973811239 0 0 0 0 0 0
-0.3535561263561249 0.04632103815674782 -24.030481338500977 0.5760432767928848 0.7802979262857525 0.24353498618447011 0.4900381295537246 -0.0911938575458288 -0.8669177077032159 0 0 0 0 0 0
-0.08540580421686172 0.32392823696136475 -24.495746612548828 0.6884595985333044 0.1971132430002809 0.6979754656298982 0.7105850453094075 0.009388630603336242 -0.7035486813277539 0 0 0 0 0 0
0.17551949620246887 0.641006588935852 -24.801076889038086 0.6926648537870645 -0.23842250251166192 0.6807129428945955 0.7211632650436435 0.21351531619959638 -0.6590407839426768 0 0 0 0 0 0
0.5707449913024902 0.9962319135665894 -24.902231216430664 0.5253254591511181 -0.7995032083503685 0.2912520932201762 0.7699996158908399 0.3009945160871009 -0.562585898164406 0 0 0 0 0 0
1.1069235801696777 1.1926225423812866 -24.75395393371582 0.06680364823204749 -0.9653704738145013 -0.2521846959473435 0.7632812579556748 0.21222603740706425 -0.6102145772595885 0 0 0 0 0 0
1.601834774017334 1.2250605821609497 -24.7941837310791 -0.176543201955843 -0.8608392916544123 -0.47727163312636567 0.8607648507559593 0.10015896865615506 -0.499051152389018 0 0 0 0 0 0
2.1483054161071777 1.0822371244430542 -24.82605743408203 -0.45378520023190877 -0.4655666424364097 -0.7598201718176312 0.8879726949048657 -0.1647489999681681 -0.42937426577856164 0 0 0 0 0 0
2.4802908897399902 0.6350125074386597 -25.055803298950195 -0.4087087272878996 0.09778909133007826 -0.9074108605563099 0.8640433350568498 -0.2787281712887102 -0.41921321743700773 0 0 0 0 0 0
2.7150321006774902 0.2796527147293091 -25.304471969604492 -0.2534988639074667 0.5377358806757564 -0.8041010189220582 0.6992330099727581 -0.4725431398325141 -0.5364477409418982 0 0 0 0 0 0
2.767453670501709 -0.06887614727020264 -25.707162857055664 0.1608668520405832 0.8710830663558552 -0.4640432602922208 0.6275677819230028 -0.4531572062883506 -0.6330933781687973 0 0 0 0 0 0
2.909207820892334 -0.13084805011749268 -26.264877319335938 0.483035863484186 0.8742335201448528 0.048909169316458986 0.7080423814042569 -0.3571288154264551 -0.6092084990604497 0 0 0 0 0 0
3.1460471153259277 -0.14641964435577393 -26.74308967590332 0.6208842795130546 0.554495968496664 0.5541091339930266 0.7368720651483232 -0.17168308124577616 -0.6538688547545308 0 0 0 0 0 0
3.4954123497009277 -0.059486981481313705 -27.14345932006836 0.540135223197655 0.15091811811104816 0.8279357839150563 0.8396585772262187 -0.16305038813004052 -0.518061815443954 0 0 0 0 0 0
3.8696951866149902 0.03709614649415016 -27.42316246032715 0.4079216895522842 -0.20278067103397984 0.8902133983758155 0.9126001522353162 0.061100907160075886 -0.40426184742601345 0 0 0 0 0 0
4.293942928314209 0.32682955265045166 -27.47637367248535 0.23344526535196125 -0.7198199572368895 0.6537297126857821 0.8909391935800977 -0.11098079799739251 -0.44035283105562917 0 0 0 0 0 0
4.875646114349365 0.3119243383407593 -27.41281509399414 -0.2480793919008701 -0.9439471883422952 0.21776207414233145 0.8976415819848597 -0.30851659428355394 -0.31473338136174184 0 0 0 0 0 0
5.3057379722595215 0.2677692174911499 -27.276813507080078 -0.34309706772490145 -0.8777006664278965 -0.3345533474210063 0.9341415554049488 -0.2815597014357207 -0.21932553201360577 0 0 0 0 0 0
5.744710445404053 -0.023187514394521713 -27.186717987060547 -0.4487663825359086 -0.48603663232281713 -0.7499180794899728 0.8791718210303909 -0.39055778916113787 -0.2729863044763795 0 0 0 0 0 0
6.045896053314209 -0.47862398624420166 -27.300554275512695 -0.43301258022153155 0.11236825289661252 -0.8943564619942402 0.7818800847485843 -0.44687550209036403 -0.4347019883840329 0 0 0 0 0 0
6.19159460067749 -0.9413584470748901 -27.640188217163086 -0.12324439443507434 0.7398630351044082 -0.6613724431259781 0.6751098101899614 -0.4259598247211537 -0.6023163387363807 0 0 0 0 0 0
6.297261714935303 -1.2313748598098755 -28.177547454833984 0.1502323505443795 0.980043642715239 -0.13017180656100477 0.7369769604713338 -0.19877928099594158 -0.646027675244003 0 0 0 0 0 0
6.334142208099365 -1.1923109292984009 -28.705642700195312 0.5404519055629161 0.8142824485841061 0.21179195381620491 0.4674933864071901 -0.0813335204886198 -0.8802470063058806 0 0 0 0 0 0
6.4223456382751465 -0.9674685001373291 -29.181093215942383 0.7853288114086546 0.21796897231348764 0.5794378181307047 0.5835704745868363 0.05178411384704481 -0.8104097153561098 0 0 0 0 0 0
6.731801509857178 -0.6789499521255493 -29.45642852783203 0.7168170285575836 -0.484622181956538 0.5013129644499139 0.6405486615472477 0.17366724449275475 -0.7480221255954422 0 0 0 0 0 0
7.1701483726501465 -0.4531099796295166 -29.617740631103516 0.49921764684690995 -0.7619013487265655 0.4126597580153346 0.7898265744514101 0.20429373220987365 -0.5783061933527185 0 0 0 0 0 0
7.711545467376709 -0.2565861940383911 -29.661718368530273 0.0921750096457756 -0.9957322778534011 -0.004582405228503679 0.6550234816422282 0.06410038116539207 -0.752884705404317 0 0 0 0 0 0
8.199995040893555 -0.3382467031478882 -29.715669631958008 -0.30941224212307145 -0.8359324482085599 -0.4533001284540044 0.7600722295370672 0.06905844394588889 -0.6461587554203102 0 0 0 0 0 0
8.715688705444336 -0.5584530830383301 -29.897916793823242 -0.7076206953896739 -0.2946784412066502 -0.6422130236488929 0.6569279257626055 0.06036553457346804 -0.7515329018671774 0 0 0 0 0 0
8.998113632202148 -0.8696939945220947 -30.249309539794922 -0.6861688084363742 0.3478119475678336 -0.6389046998246901 0.6368435079460221 -0.13725819933845787 -0.7586768304761713 0 0 0 0 0 0
