t = 10
b = 20 20 20
E = -1.11291450931564 -1.38274258640889 0.269828077093249
-191.216512497437 -488.083386901955 -2104.98713936784 -0.79123915529407 0.0856592365345818 0.605477575411212 -0.562779912692963 -0.489321544130533 -0.666215577961827 -0.245216075394232 0.151380245130475 0.142117309986879 0.423639427524548 0.544446407057804 -0.272212752518768
-191.565441592354 -488.508522241375 -2105.14561754542 -0.59830172790871 0.655759103145537 0.46045091054662 -0.762794186523248 -0.290202148316132 -0.577864813013423 0.0459779284449414 0.0934087819188374 -0.377572626803435 -0.600674916566519 0.115891442061584 -0.285340628082015
-192.044148608514 -488.740381592576 -2105.06213248287 -0.334012019374526 0.941129306394254 -0.0520730214143658 -0.797136171060249 -0.311526485826248 -0.517228357126864 -0.242301896500875 0.167011759313229 0.252060546846081 0.10510591364525 -0.011497255204552 -0.0981178169532108
-192.619836495813 -488.825578524917 -2105.07130633329 0.118239639890141 0.826110146163677 -0.550964076836302 -0.788347523540409 -0.259270513931985 -0.557930983844013 0.094101328990921 -0.264259539584429 0.358416847193372 -0.673444255912898 0.13388118170669 0.16587548355266
-193.172877970895 -488.707189966336 -2105.23055205164 0.518226815419962 0.533068482374437 -0.668789175210469 -0.783784593601794 -0.0168984270579174 -0.620802830208947 0.149560986639772 -0.00687948780238409 -0.236224945687039 -0.309085132017627 0.253264398222215 -0.0301874524152371
-193.569702932005 -488.392856360193 -2105.39889043913 0.6428517482143 -0.0983882888292132 -0.759645558427797 -0.765495082364874 -0.046851832494107 -0.641733733465165 -0.113829170572741 -0.201720758536106 -0.197835830198597 -0.349503232659385 -0.0731966297370714 0.392111483434003
-193.859369884205 -488.198026409432 -2105.82473275865 0.52660605720815 -0.773283822239913 -0.353154627286288 -0.731267623491209 -0.200206756113863 -0.652046714308019 -0.27547939421477 -0.382598339634504 -0.0452709802399752 0.325547068079791 -0.171400757104503 0.0121988336048037
-194.017079066422 -488.186520254619 -2106.28980932923 0.200685742046078 -0.964439429990855 0.171993659238736 -0.714966118072809 -0.264212914364047 -0.64731366885858 0.169296932870771 -0.261083028302667 0.32612844195026 -0.155725012941734 0.0193281390214395 0.191943491623304
-193.638237910172 -489.266383527725 -2106.26411046515 -0.344990694570499 0.921840974949913 -0.176608713157528 0.933239771056365 0.356983183721321 0.0403303391859473 0.0351110476662307 0.638636803073901 -0.262466171659354 0.574131052509421 0.365626428220554 0.673856754202041
-193.21193254674 -488.95271255273 -2106.38228640544 -0.583067836968674 0.599835113509064 0.547932234947206 0.810646872631703 0.384975503906658 0.44118647903608 -0.000729732048070206 0.537612957872151 -0.477405112611889 -0.0445655796340708 -0.131780622005506 0.047288318471707
-192.878823536527 -488.516069193858 -2106.32892065293 -0.577247472877403 0.0351412086421186 0.815812754565545 0.806072639981016 0.184198935038308 0.562421240179271 -0.331017646602567 -0.356515341960116 -0.00494671064870727 0.0874878567241977 0.133697092939527 0.0331461768142065
-192.54866302413 -488.13243111602 -2106.06968388539 -0.484793836066554 -0.494517471690651 0.721406547450577 0.751266658139652 0.186904144857331 0.632981239060707 0.31839850595655 0.00493640724228434 0.504559120725646 -0.454018593283267 -0.104615319287544 0.0943881606853046
-192.380386396052 -487.835729475205 -2105.72047195617 -0.2416985902264 -0.798055768441218 0.551986215353488 0.585860699798461 0.333451618027256 0.738632018576681 0.329518812220689 0.241686389242046 -0.26688969299059 0.586806950945805 0.20407377141593 0.0147107925621776
-192.440047126258 -487.670595214102 -2105.22734122329 0.333097739427482 -0.93340203294348 0.133441151393716 0.579178272496945 0.314225071331372 0.752206842041635 0.143171415875372 0.071185874284614 -0.123087292272558 -0.152254859811685 0.413368641250759 -0.312998111143474
-192.295334200936 -487.676498232939 -2104.73877774541 0.547499367727803 -0.737435091274676 -0.395517292282356 0.717278141805818 0.170128800960997 0.675698348652093 0.360149102905583 -0.177970801724425 0.292275517861874 -0.0409857462270109 0.181280429889456 0.0362170637334933
-192.157945542606 -487.860227474277 -2104.27022243551 0.746077302071649 -0.167702276351784 -0.644394759320652 0.665654782550511 0.211834597394391 0.715562585532801 -0.588340726091432 0.0536047717146859 -0.150836556944127 -0.436901550686474 0.802420366227853 -0.179574201073549
