t = 10000
b = 20 20 20
E = -0.875964614798671 -0.976654009138179 0.100689394339508
2.22943708293954 12.525457482843 4.37935623690562 0.230114859788803 0.202276428633948 -0.951909343227321 0.144163364255064 -0.974452833684291 -0.172216721985164 0.0499203615424059 -0.418843415527752 -0.299991167923735 0.443315644983468 -0.444430802435098 -0.167588298487854
2.0363531622304 12.1404243776309 4.17278305936262 0.906994055692643 0.139461517074771 -0.397381766307195 0.0686257974426493 -0.979909001560373 -0.187266784524971 -0.0730754812162221 0.102772734212228 -0.508570560565658 0.275302056600611 0.264582091671866 0.259638193914958
1.997952837086 11.7376887940777 3.85602425796292 0.850591357471623 0.122619559393061 0.511330408101106 0.06464602463691 -0.989439147613966 0.129734593180089 -0.0829558306765211 -0.0266004803903676 -0.354965711251695 -0.382528687400992 -0.293853969841217 0.083709306505497
2.20526547787745 11.2529920043758 3.82327045002915 0.215610745486677 0.25870046474966 0.94158699861935 -0.0524107115847838 -0.959811286839055 0.27570892435237 -0.162978578497596 0.0313462484155327 0.202250572454806 -0.0324546170175522 -0.244322605037102 -0.0803702978169785
2.56420854906127 10.8930151472273 3.82866754808851 -0.695285738443812 -0.0923234551795433 0.712779153413132 0.169464233228321 -0.984813230032233 0.0377461999386985 0.128804223089276 -0.36885134296097 0.718667675209311 0.0587906438766843 0.00521198271921528 0.311803509991459
2.75068455396386 10.5933183535219 4.09405191705904 -0.897074436002281 -0.320252474241778 -0.304459864371638 0.352937237054957 -0.933872522172851 -0.0575970401195669 -0.242251322043558 0.0349276012050953 -0.443270814841973 0.0777106614130046 0.151986019113793 -0.0642975063594517
2.55793119459631 10.123856640691 4.30772721811778 -0.321405181344812 -0.326226833530409 -0.888973994270609 0.122697048357779 -0.945217270468627 0.302505778345038 -0.192105100027278 -0.678722295148749 -0.155876150076416 0.324279783954196 -0.211855405653712 0.0465580005828849
2.29610353848312 9.6609951153452 4.34315092896285 0.539454125355476 -0.115630690578096 -0.834037643055392 0.022862274461267 -0.988149254191076 0.15178395122039 -0.09189800707486 -0.712002446884656 0.183700864087995 -0.236902170955953 0.161266813475783 -0.0706423249916287
2.19537536559552 9.15957560794883 4.30431851961653 0.959182174109007 0.120916147230173 -0.255634196089859 0.14752492382581 -0.985176240333365 0.0875452587682314 -0.0778705169075134 -0.0225490466704478 0.367305304394983 -0.0424101415994049 -0.130802659996443 -0.654983190457172
2.41127425350594 8.67188588008111 4.18236939383867 0.83743947044111 0.498062216813759 0.225009247654117 0.536189254679308 -0.828442107130192 -0.161817051944847 -0.26357220918031 -0.107128344985483 -0.126146772546217 -0.425204025954162 0.0996896612969505 0.244137055376535
