t = 1
b = 20 20 20
E = -1.11305121209796 -1.41716437423128 0.304113162133326
-191.210212523847 -488.087755749964 -2104.99103002716 -0.800853975752046 0.0858033025971306 0.592680945185153 -0.554422903061669 -0.480349438901031 -0.679617290177447 -0.218914079308274 0.172834041769032 0.126009547639374 0.437039951090332 0.469793759858566 -0.308315684050439
-191.568419532434 -488.511454384368 -2105.13725401833 -0.600411307967858 0.659595510402677 0.452150443902201 -0.763726266577919 -0.305299740757805 -0.568783137963996 0.170123890015249 0.119234195660371 -0.246883494237383 -0.639700101281793 0.270341805926886 -0.287031611777783
-192.038663761108 -488.748466521666 -2105.07013994224 -0.332906753204471 0.941345159965514 -0.0551578052532746 -0.795623044349477 -0.311805346744323 -0.519385595720292 -0.169887107558182 0.412302698705352 0.346936052279761 0.0827866458276988 0.0624617940352631 -0.135810590954263
-192.620969554472 -488.817903599283 -2105.08067132768 0.11364578146296 0.827737126664118 -0.549486929323621 -0.799693914858605 -0.251980532077446 -0.544972892896596 -0.0185910127513429 -0.30283745088324 0.310252730133573 -0.699341388734614 0.0374522078749938 0.170318578955935
-193.175191379587 -488.706828665825 -2105.22344083123 0.513353928544412 0.53236047486756 -0.673097369514103 -0.789907976874703 -0.013447251227638 -0.613077939175872 0.0388773589971787 -0.0231975912005969 -0.275745564935027 -0.298040775985853 0.242831428835723 -0.0346694477882853
-193.569259532169 -488.388266199386 -2105.39456013612 0.643752717153127 -0.0885928403046993 -0.760087986883566 -0.764709884106095 -0.0377363727199649 -0.643268807983399 0.0749236009278842 -0.128764464543969 -0.118242044853199 -0.335538622674836 0.0186490076737192 0.341373041144384
-193.853538138996 -488.186091604909 -2105.82058056187 0.529932856344967 -0.77183085270686 -0.351352106263597 -0.733102155188995 -0.208671699883248 -0.647315496280668 -0.154902188087493 -0.500456597617703 -0.225422623687904 0.333539224983122 -0.115666860786639 0.0718377238758788
-194.022433003319 -488.17900169116 -2106.30057986507 0.203200042141433 -0.964693477109427 0.167559655335775 -0.712496507149289 -0.263064204818111 -0.650496695951238 0.214969810475498 -0.30428951490214 0.450409631556036 -0.155721642967409 0.0602362213739915 0.186532427245183
-193.638856621746 -489.283507562551 -2106.25576531486 -0.334023979181508 0.922601170298072 -0.19296388754474 0.93472799758213 0.350575180907448 0.0581430397193969 0.0138114692068538 0.623258536730832 -0.364483838840117 0.633897091113063 0.350136217772411 0.597421635495952
-193.209469313289 -488.969562534669 -2106.37107823033 -0.584912559524944 0.600301607379304 0.54544961076877 0.809302853931457 0.387246879701098 0.441665874593184 -0.1796118220085 0.684428993838716 -0.364240437685653 -0.0540698401328609 -0.0509478537981651 0.0918668888550069
-192.867228484041 -488.506158525723 -2106.32977336961 -0.573682531452446 0.0374443605116814 0.818221408282737 0.80892735814959 0.182680726808121 0.55880612137841 -0.515266879185204 -0.379382401784502 0.0709756254189233 0.0234098764025324 0.212931036297032 0.0732783792334187
-192.558786539272 -488.133864717104 -2106.08494056225 -0.48847609499617 -0.491522053935031 0.720969607620724 0.744198558105781 0.196725156301978 0.638331981801977 0.415673912261353 0.0927253307052155 0.619301580442888 -0.496688786011304 -0.0683939596096741 0.203267112586996
-192.391232072039 -487.841947829711 -2105.7124647617 -0.239379784998954 -0.797181963015537 0.554254667437767 0.599017313348697 0.328001014034945 0.730474909288853 0.473053619596555 0.213358007102107 -0.315584175996565 0.596519505482088 0.0414947332083929 -0.0378192000419317
-192.443549013188 -487.66873743227 -2105.2247170235 0.346184397839954 -0.928150292895355 0.136723796357678 0.57220884090348 0.324380786012536 0.753229147111147 0.116816492634757 -0.19026978094551 -0.0712224292443665 -0.142196199694444 0.449419059738855 -0.319377917898634
-192.303271830352 -487.670559482248 -2104.74215120326 0.552259574291369 -0.73691075597297 -0.389835735066531 0.712552093152897 0.174501578890347 0.679572449050284 0.212835676828928 -0.260421074057656 -0.0462723808703658 -0.074896128016667 0.370168818981548 0.0471657595978569
-192.141353702067 -487.861909000121 -2104.26632175931 0.760460604580665 -0.158039935806175 -0.629859545907808 0.649261324854454 0.203895113453352 0.732725402015027 -0.621085940402718 0.0878020946922972 -0.111818874240382 -0.451199133953059 0.81390554044664 -0.203548589712356
t = 2
b = 20 20 20
E = -1.11237422291628 -1.41320869432176 0.300834471405484
-191.210871726535 -488.087237457098 -2104.99064288174 -0.799852636421656 0.0856861192725587 0.594048524089854 -0.555268620313335 -0.481367952020303 -0.678204728723639 -0.215746884751623 0.167828516904758 0.1350696180547 0.434869227122645 0.482671452737907 -0.307801112641936
-191.56792615531 -488.511095788027 -2105.13801565421 -0.600015138153204 0.659244132261866 0.45318760802265 -0.7637434214312 -0.30346611083787 -0.569740560074059 0.160246222799518 0.116568149071448 -0.259750063387423 -0.634061708089321 0.254130602044885 -0.290121602979954
-192.039190336002 -488.747266254344 -2105.06911756244 -0.332969933552421 0.941348050020391 -0.0547254243739098 -0.795808112314887 -0.311672824742649 -0.519181566208542 -0.181433031491625 0.396232571688112 0.343134562857735 0.0873208853018258 0.0547544655452732 -0.134033536867155
-192.621006986188 -488.818811571064 -2105.07972038578 0.114050039507932 0.827515013665546 -0.549737656201892 -0.798442572292057 -0.25292280879381 -0.546369391111447 0.000252879276104395 -0.296948938797065 0.318795753024977 -0.699581647229627 0.049982103669987 0.168643927490198
-193.175059802911 -488.706896513858 -2105.2242634773 0.513892957438385 0.532456522315476 -0.672609901903725 -0.789235032482636 -0.0138170267276378 -0.613935789211331 0.0502232687894335 -0.0197222569762685 -0.276282163139611 -0.301617731183065 0.240431547586759 -0.0305520154844051
-193.569060310235 -488.388663893457 -2105.39492799704 0.643755483398564 -0.0896195901022578 -0.759965266748544 -0.764711456549479 -0.0387432145666109 -0.643207082942205 0.053271154793784 -0.133572741169739 -0.1314684596808 -0.336452986880389 0.0047439135836794 0.345388694509913
-193.854021128176 -488.187575749276 -2105.82123593333 0.529581050326056 -0.772029852992771 -0.35144532608005 -0.732865420670375 -0.207792643515192 -0.647866106912997 -0.172078315509207 -0.490105504676501 -0.218813804644004 0.337508735951657 -0.121712549045997 0.063744860219671
-194.021790464945 -488.179909300637 -2106.29924429278 0.202953368735693 -0.964653540442916 0.168087706361236 -0.712774836584616 -0.263241867921226 -0.650119797656645 0.219904974954248 -0.303958543834369 0.448186561836923 -0.152339409693864 0.0546386351440056 0.182886440904255
-193.638812082715 -489.2816320447 -2106.25684269962 -0.335225839594467 0.92252075631129 -0.191256609410056 0.934602273839931 0.351244376071726 0.0560890186330066 0.0169283641591464 0.631375945561701 -0.35338815324534 0.629533714039076 0.354428252401037 0.60679078199558
-193.209979033323 -488.967523988438 -2106.37218497314 -0.584792697710704 0.600177835119435 0.545714272248386 0.809391313128651 0.38703532087029 0.441689214981201 -0.158547720579835 0.679214050031604 -0.370494032576626 -0.0508496690331475 -0.0631151900381559 0.088435733742181
-192.868752407478 -488.50730152416 -2106.32957407608 -0.574164545330227 0.0371200701925099 0.817898022539874 0.808555680231218 0.182781942553871 0.559310712790364 -0.500737377883453 -0.37402289065722 0.0684539412501965 0.0272446710244379 0.203033252711076 0.0670448903135848
-192.557547813795 -488.133599657264 -2106.08308681316 -0.488043430649614 -0.491986981426134 0.720945504117306 0.744979456213684 0.195571935237408 0.637775217429353 0.405594863076623 0.0876347589664266 0.597874644682462 -0.490754817515659 -0.0741615855616735 0.19237450049852
-192.389838848389 -487.841296284528 -2105.71341321704 -0.23955166548121 -0.797177570082109 0.554186720630476 0.597613998243961 0.328786405392171 0.731270817640197 0.461376034523791 0.219172064709109 -0.315502770360907 0.60282563722912 0.0563870787805802 -0.0324828217570317
-192.443195418382 -487.669277114517 -2105.22494016005 0.344703684581098 -0.928759596975364 0.136326743019755 0.572991471520518 0.323210670881222 0.753137195863584 0.123970004526126 -0.167010587369605 -0.0829530378188485 -0.144868242838793 0.447017287098888 -0.322027260894781
-192.302604457734 -487.671325364958 -2104.74223463823 0.551552808267965 -0.737007962122205 -0.390651716315437 0.713240699117511 0.173853105999822 0.679016054785583 0.230911104775875 -0.248396951917443 -0.0121859028719281 -0.0710206727833774 0.344255267706542 0.0498537356239962
-192.143219549403 -487.861654019562 -2104.26667226466 0.758876869387713 -0.159129345506659 -0.631493268774043 0.651103539559818 0.204813328333714 0.730832184095324 -0.617363104417272 0.0900091933375552 -0.125207687607571 -0.447949867383482 0.81549694199691 -0.201065195436785
t = 3
b = 20 20 20
E = -1.11265158732377 -1.4091471606712 0.296495573347438
-191.21152246762 -488.086734591616 -2104.99022984909 -0.798828259926309 0.0855904951717648 0.595439063447602 -0.556142489326327 -0.482376966845526 -0.67677026635545 -0.224364409135097 0.165238605675393 0.136528437426067 0.435260005897107 0.499938947949536 -0.303651938704468
-191.567462840958 -488.510745374838 -2105.13881554538 -0.599659154802885 0.658869182383265 0.454202926638191 -0.763733377226395 -0.301674374133504 -0.570704740212944 0.142793008494751 0.111936507208974 -0.272450087434721 -0.633314376693188 0.233921545538553 -0.288326171806864
-192.039750991803 -488.746115546675 -2105.06810665994 -0.333048768481623 0.941344244455975 -0.0543095870218521 -0.795992257931376 -0.31156401352873 -0.51896453711904 -0.184132467643598 0.373539811004275 0.325585489573089 0.0891808734098865 0.0463754792971249 -0.131359507367948
-192.620987563858 -488.819700145858 -2105.07874478664 0.114482131068961 0.827305115804955 -0.549963714283823 -0.797183074746526 -0.253834006544937 -0.547784120305635 0.018485870847416 -0.294947247358418 0.330965418935442 -0.695482666631673 0.0668582169798487 0.166567941792222
-193.174893460142 -488.706954173489 -2105.22508632141 0.51443040373046 0.532542384229505 -0.672130916352514 -0.788560752670528 -0.0141992359732551 -0.614792909072206 0.0625748139035594 -0.014989754299231 -0.277149132728675 -0.301458349834408 0.242051107266114 -0.0291540800190109
-193.568927359595 -488.389075916684 -2105.39533503809 0.643725839529575 -0.0906597376514044 -0.759866998553643 -0.764740089913005 -0.0397488380251493 -0.643111673627139 0.0364705462486454 -0.15318225779203 -0.143042113287451 -0.335946034928332 -0.0072762522877423 0.350081530228463
-193.854555821767 -488.189026688243 -2105.82186887773 0.529226754471433 -0.772217634031248 -0.351566448972047 -0.732631854822538 -0.206892933147554 -0.648417982101738 -0.185226408545566 -0.475402066694964 -0.21054457063669 0.339172766848533 -0.133600935349217 0.0557292485955973
-194.021134420292 -488.180815513401 -2106.29791632425 0.20270173926616 -0.964617626443078 0.168596677469622 -0.71304977382936 -0.263402456998788 -0.649753157505911 0.215730368281296 -0.30246484050805 0.433237992923386 -0.145489431311205 0.0494994955904646 0.186002045214536
-193.63875800661 -489.279732868794 -2106.25788693922 -0.33643854509158 0.922437740993693 -0.189519707067925 0.934464957543106 0.351929307379173 0.0540463294921639 0.0140631170591391 0.630321762798054 -0.342825529646373 0.61991696702604 0.356069257098255 0.611494136867362
-193.210424538448 -488.9655032909 -2106.3733119444 -0.584642890960032 0.600075132208038 0.545987660808743 0.809501494228748 0.386808751665691 0.441685771195149 -0.136334235414927 0.666903656694338 -0.38156897136057 -0.0491074751133198 -0.069411159190081 0.0849297240286452
-192.870230221284 -488.508427622326 -2106.32938234592 -0.574624084841154 0.0368192594616481 0.81758883508348 0.808199666565978 0.182893115611472 0.559788716592762 -0.483382364181999 -0.367199821929841 0.0580083139440534 0.033070060752533 0.197420597304643 0.0672929493815153
-192.556341178609 -488.133350834948 -2106.08130027617 -0.487613979500831 -0.492420869895687 0.720939868426305 0.745758853109468 0.194442064282671 0.637209554735602 0.40117451863747 0.081513304187388 0.593690026893686 -0.488089324411508 -0.0794171407489648 0.185204517267101
-192.388481148757 -487.840628416458 -2105.7143595065 -0.239737930743645 -0.797196300826413 0.554079220429206 0.596183632819532 0.329544549523676 0.732096623293225 0.440290995818469 0.223211890213076 -0.308732101371174 0.602958641467489 0.078246249875871 -0.0338321572319674
-192.442820044144 -487.669745096411 -2105.22519811079 0.343220504631663 -0.929365232068811 0.135940982128537 0.573775333409489 0.322048036234918 0.753038464574063 0.122794968133737 -0.134813753440194 -0.0851555731453622 -0.146463379630543 0.444347236928939 -0.320605842408739
-192.301883819182 -487.67205540336 -2104.74221649444 0.550903974126962 -0.737085899116921 -0.391419453545834 0.713880786784503 0.173254028682316 0.678496325565059 0.257154994678557 -0.241339042233252 0.0213032388990251 -0.0649296615624417 0.322936725892157 0.0491877021918834
-192.14507232114 -487.861392151383 -2104.2670615996 0.757286541107239 -0.160214196413898 -0.633125979505883 0.652944038900213 0.205718427901646 0.728933474664425 -0.619254099487623 0.0810852682799161 -0.137252517194442 -0.446125676497886 0.815076842384077 -0.197332434199912
t = 4
b = 20 20 20
E = -1.1125826095994 -1.40508534010597 0.292502730506571
-191.212200124713 -488.086239954165 -2104.98981380237 -0.797775948642857 0.0855323299633419 0.596856562582695 -0.557053129958552 -0.483382030914835 -0.675302615567295 -0.228110312009869 0.163477195658825 0.135354009886821 0.438191267864141 0.50913600719249 -0.300720702833709
-191.567052297946 -488.510409021766 -2105.13965317617 -0.599349025303927 0.658477363962445 0.455179422883221 -0.763685552435685 -0.299922325488566 -0.571691329018145 0.130914888938314 0.111811911248101 -0.287897297804129 -0.627927353556584 0.21685789452541 -0.292317985058694
-192.040319171673 -488.745034146491 -2105.06714845664 -0.333143491403476 0.94133348889718 -0.0539136051119262 -0.796170752987785 -0.311479746094714 -0.518741264851405 -0.188708548356844 0.347971122893684 0.309602416756384 0.0946496486228813 0.0370838857587163 -0.128339590166525
-192.620913232606 -488.820581097034 -2105.07773368809 0.114951560024969 0.827111391826948 -0.550157145148469 -0.795921636314496 -0.254696878845153 -0.549216031041513 0.0243525716983132 -0.291371638555309 0.337690372156217 -0.694827457136728 0.0803940475142445 0.166907140666368
-193.174689408164 -488.706997879561 -2105.22591036812 0.514973021799837 0.532625140761451 -0.671649645460481 -0.787882717413481 -0.0145779935825606 -0.615652747662394 0.0668100003802766 -0.0105728550660093 -0.271795623664138 -0.301813787110214 0.239201453998079 -0.0308558371969607
-193.568845972344 -488.389546645903 -2105.39577620835 0.643668109735875 -0.0917151363558213 -0.759789245957246 -0.76479197549467 -0.0407494342472501 -0.64298733877697 0.015613319190034 -0.158646248911112 -0.149391630628879 -0.34255265085485 -0.015720128920184 0.354346810380506
-193.855130039003 -488.190431465226 -2105.82247440928 0.528857091563289 -0.772397914768461 -0.35172665233751 -0.732413647635493 -0.205963182272186 -0.64896025787839 -0.198511741063347 -0.467993904917005 -0.19893953871839 0.339473752038363 -0.138560744296436 0.0549454997972427
-194.020492223102 -488.181716853972 -2106.2966341309 0.202432492582457 -0.964585623939939 0.169102513391292 -0.713314059177506 -0.263547199585151 -0.649404285919437 0.20304925421555 -0.295343608479433 0.421034736117961 -0.147412671531926 0.0502721236815556 0.182955661834125
-193.638712326421 -489.277837539867 -2106.25889966893 -0.337652917573488 0.922352572310751 -0.187766449627863 0.934316956461621 0.352625147724432 0.052032009961328 0.0183792383582311 0.62870329691996 -0.326029654833094 0.615063032590981 0.35999732386801 0.621492475854633
-193.210802478954 -488.963521644547 -2106.37447360585 -0.584477392927103 0.59998683842703 0.546261815315216 0.80962283337737 0.386574657221469 0.441668316803576 -0.11961661678552 0.652381002375901 -0.390744701227278 -0.0457723771617666 -0.0780820686042955 0.0879344328742777
-192.871653606686 -488.50953248172 -2106.32922203794 -0.575069132124706 0.0365204629817772 0.817289268901124 0.807851142461699 0.183020612377628 0.56024993268027 -0.46996593282578 -0.369828253511443 0.0447199559608789 0.0404032083075417 0.184387489555197 0.0664775906045378
-192.555149559546 -488.133121285519 -2106.07952915292 -0.487183715129634 -0.492833538979958 0.720948771112745 0.746540470851514 0.193326475954988 0.636633488810968 0.39056141293172 0.0728316366663965 0.583423298996238 -0.487600642965176 -0.0907008544935785 0.172872417696377
-192.38718708647 -487.839949441347 -2105.71528356739 -0.239966197463341 -0.79723492566577 0.553924812022063 0.5947353510838 0.330249439863988 0.732956458216142 0.433062914088462 0.223590520221144 -0.302443279489119 0.598173215505425 0.0962967624603273 -0.0286084651694802
-192.442447852394 -487.670114705705 -2105.22546223178 0.34174439337227 -0.929964762675146 0.13555924823183 0.574557785960721 0.3208930148822 0.752934939813346 0.124294683450726 -0.115068600919405 -0.0893886797647045 -0.146730998273541 0.437572799203183 -0.318339175057614
-192.301085481052 -487.672764487496 -2104.74209867532 0.550299002059961 -0.737153662656283 -0.392142175701924 0.714477247306162 0.172689850259588 0.678012152324079 0.265764571433607 -0.242087416824901 0.0654210306028359 -0.0597621054145207 0.30116519674172 0.0445220158152093
-192.146928825483 -487.861156749 -2104.2674856446 0.755693535483051 -0.161289593523999 -0.634754241773926 0.654778146435187 0.206615532618002 0.727032049246716 -0.62100153626601 0.064604076417884 -0.148574755199559 -0.44443221963169 0.8141437398207 -0.200641946655154
t = 5
b = 20 20 20
E = -1.11271509885441 -1.40099732483131 0.288282225976894
-191.212890081409 -488.085751112128 -2104.9894026956 -0.796708284447435 0.0854967887244722 0.598286059181248 -0.557979308318658 -0.484391813000964 -0.673812780366974 -0.231720949748844 0.161120563829052 0.149884681320556 0.434111828718608 0.513975798886011 -0.29341114031541
-191.566677766943 -488.510073195658 -2105.14053678887 -0.59908170345689 0.658059774964185 0.456134240281605 -0.763609043307751 -0.298213338991256 -0.572686679979819 0.122914010985708 0.110759014610903 -0.302857069393282 -0.622257138113488 0.201936170109719 -0.290724925634061
-192.04090053201 -488.744030524528 -2105.06623823592 -0.333255754026154 0.941315088927526 -0.0535397587389342 -0.796348149512876 -0.311423984647103 -0.518502388185377 -0.196137993444483 0.315971217206183 0.303487132889757 0.0924549533238935 0.0254371846457982 -0.121542325006804
-192.620821203441 -488.821449808819 -2105.07670347539 0.115454456450033 0.826927710142473 -0.550327930132893 -0.794653274018141 -0.255524969921177 -0.550666109215949 0.0371813701530193 -0.285323159281821 0.338558101330906 -0.692444001099845 0.0835812328550006 0.164647093625927
-193.174472064626 -488.707028605949 -2105.22671694804 0.515507087706255 0.532712470182444 -0.671170519791159 -0.787207320639399 -0.0149617586641453 -0.616506918135891 0.0713797130820808 -0.00965819096085648 -0.27360165248137 -0.300013526250872 0.238339109803215 -0.0279399923034858
-193.568828182835 -488.390033597492 -2105.3962357707 0.643590588635697 -0.0927841121422577 -0.759725123155428 -0.764860754533554 -0.0417671522493867 -0.64284020655785 -0.00428293497989805 -0.174397751434702 -0.153832499604647 -0.345794635866819 -0.0247709065509252 0.356925054843347
-193.855744090273 -488.191812120025 -2105.82304257677 0.528478026053107 -0.772579388068067 -0.351897804925497 -0.732201523864357 -0.205021887770851 -0.649497462647538 -0.212317546747963 -0.451524443926228 -0.172567672833252 0.339325026903124 -0.140018539035367 0.0461251736233707
-194.019889390715 -488.182596457349 -2106.29538944931 0.202170677343525 -0.96455265531316 0.169603043459699 -0.713581762019775 -0.263693515563864 -0.649050690441297 0.204489395778886 -0.287366828901504 0.410598007623164 -0.14671683669267 0.0448479940951677 0.181136347777221
-193.638653483383 -489.275947729752 -2106.25986222732 -0.338877101880393 0.922265227364259 -0.185981612574732 0.934157703588464 0.353335960315937 0.0500308302343881 0.0198292169467802 0.632030916166183 -0.314972414621695 0.611014086476644 0.3589383020822 0.6319669165102
-193.21112946804 -488.961585561473 -2106.37566421316 -0.584291484911002 0.599902030252222 0.546553762003116 0.809759735186804 0.386332119684803 0.441629555815781 -0.104548880691306 0.637328622681575 -0.410797881033461 -0.0414648014238654 -0.0871361606696162 0.0824186141183697
-192.873034517764 -488.510644505093 -2106.3291017249 -0.575482190693868 0.0362308767632208 0.817011365749066 0.807522311479648 0.183168079782179 0.560675637968582 -0.444712741859656 -0.364529199294609 0.0326796012040911 0.048290325753172 0.175825409516406 0.0571548561687454
-192.553991467183 -488.132918638956 -2106.07779167709 -0.486746074068158 -0.493208406706604 0.720988021352067 0.747336058481873 0.19222853760567 0.636032235836175 0.381894474299111 0.0601720676099688 0.571955350285331 -0.488257849348036 -0.0904854955070498 0.158370802990559
-192.385914952477 -487.839270222049 -2105.71618681551 -0.240214294379071 -0.797299683282149 0.553724035792333 0.593283217726312 0.330902789037328 0.733838107331332 0.41298103182442 0.222314613520443 -0.300920960121131 0.596877508040405 0.114846219386432 -0.0217705509905348
-192.442070778046 -487.670423498822 -2105.22573856619 0.340284315829467 -0.930553854660074 0.135189156287588 0.575331723001219 0.319756325579581 0.7528275371958 0.12546147553742 -0.0852337377204158 -0.095730027764975 -0.149223316599458 0.437285389377743 -0.317452572461805
-192.300262436915 -487.67347600854 -2104.74184938771 0.549733779329234 -0.737218968897415 -0.392811613578609 0.715030672658514 0.172163372726191 0.677562477007881 0.290079489127934 -0.229434622195039 0.107676910484096 -0.0619148482544124 0.28052494325063 0.045701366444541
-192.148788605995 -487.860970437977 -2104.26794215015 0.754099200105693 -0.162375565307678 -0.63637141057009 0.656604675466342 0.207505281039172 0.725128856477656 -0.625425538007158 0.0526661905126572 -0.147256257715115 -0.441884197392947 0.815373911431341 -0.195647803463863
t = 6
b = 20 20 20
E = -1.11281988145021 -1.39699872097946 0.284178839529254
-191.213591930665 -488.085269899453 -2104.98894945509 -0.795635610100664 0.0854889762599065 0.599712940395468 -0.558915409157681 -0.485389081632379 -0.672317636863839 -0.230814859165042 0.162261804612132 0.154275173880508 0.434213368880146 0.521107202531758 -0.289080536186689
-191.566327602284 -488.509740684769 -2105.14146492424 -0.598848251907851 0.657630107806819 0.457059528390889 -0.763508014740664 -0.296543788384732 -0.57368745236165 0.0962175392541293 0.104837644274687 -0.31414232776425 -0.626923441057882 0.18784049108894 -0.289192315589626
-192.041503641771 -488.743123839529 -2105.0653463719 -0.333385463705911 0.941288345017691 -0.0532013545264787 -0.796510483056425 -0.311400363114491 -0.518267174566733 -0.198213569605914 0.283790039850988 0.288586058953447 0.0971657018955477 0.0177654546059445 -0.118258820103741
-192.620690657218 -488.822298962515 -2105.07567173949 0.115961372238716 0.826750077577739 -0.550488210022447 -0.793384656257556 -0.256341403903199 -0.552114002593682 0.0534458821346175 -0.282018015382728 0.350192650746856 -0.684434221798124 0.0935197267751186 0.163742191069202
-193.174240487391 -488.707056870048 -2105.22752755191 0.516041975082679 0.53279273430761 -0.67069559579722 -0.786533702131318 -0.0153418961252691 -0.617356753939636 0.0788884392857931 -0.0125372052409698 -0.26766456362294 -0.301778161451917 0.238736689101058 -0.0219293950941412
-193.568870964401 -488.390567624814 -2105.39670796741 0.643492072888274 -0.0938617412054367 -0.759676197907922 -0.764947265606311 -0.0427917233327085 -0.642669860235911 -0.025652463088746 -0.178344710696481 -0.162234680107459 -0.346371529643606 -0.0344439935543494 0.362061226430449
-193.856399443627 -488.193141610068 -2105.82352915575 0.528107627054087 -0.772745390005395 -0.352089330245481 -0.731990505971415 -0.204077965498658 -0.650032370859821 -0.220789631895739 -0.442527012470341 -0.147359729989519 0.338144198444243 -0.149855555316281 0.034109257117227
-194.019283543285 -488.183451784285 -2106.29417694933 0.201900562375295 -0.964523672739567 0.170088940373904 -0.713851362151556 -0.263823402542192 -0.6487013527236 0.196445412513497 -0.2738434438112 0.399209530444673 -0.14310622137729 0.0423901511384877 0.182628639032051
-193.638590079877 -489.274048581109 -2106.26079186886 -0.340097131764315 0.922181068899948 -0.184163017808233 0.933992581087785 0.35404759848999 0.0480432771201998 0.0211422893617923 0.632615323329088 -0.297561119969275 0.602979099701651 0.361096844347327 0.640446747764559
-193.211410571485 -488.959696497595 -2106.37691633578 -0.584082848790248 0.599839059887698 0.546845799089754 0.809913012022698 0.386082499683905 0.441566774558672 -0.0861806084378774 0.630432718785841 -0.417483307014457 -0.0408444724549119 -0.091154899068449 0.0778499827799027
-192.87433758952 -488.511739932848 -2106.32901767129 -0.575877478140163 0.0359731157752763 0.816744185845449 0.807205237656069 0.183337667105317 0.561076647278239 -0.421580443175213 -0.367255761886403 0.0211734897155952 0.0517325503293615 0.165321930689691 0.0542537996475192
-192.552860992115 -488.132754777864 -2106.07609141367 -0.486329669486632 -0.493546653918066 0.721037553101989 0.748130336328354 0.191128304452028 0.635429753082523 0.376982579507195 0.0471502852767254 0.562350528485528 -0.482694135379071 -0.0960032991387086 0.145819982808891
-192.384703229461 -487.838595628529 -2105.71708356984 -0.240479162908359 -0.79739352685104 0.553473879729617 0.591818841192697 0.331508712581795 0.734746509138828 0.391081977138071 0.232952471781914 -0.290570389035112 0.592090840334625 0.136085883776758 -0.0191584507982213
-192.441689788745 -487.670641369622 -2105.22603337835 0.338826006695165 -0.931139546211931 0.134818702957891 0.576108799339002 0.318621040736857 0.752714609745245 0.13142455248747 -0.0546519440642558 -0.102504644920249 -0.150769116894116 0.43164456159795 -0.31486815853772
-192.29936763385 -487.674149734632 -2104.74147432588 0.549213548294401 -0.737271052955541 -0.393441066544535 0.715552537601763 0.171686438452772 0.677132433710778 0.304008751261395 -0.217331345590367 0.154124867190932 -0.0582855639558741 0.263675788783793 0.0391166604721733
-192.150659675581 -487.860819541114 -2104.26839311381 0.752498961686344 -0.163449373785436 -0.637988726287639 0.658428537665915 0.208384160236227 0.723220507556144 -0.622901367451315 0.0472578214265644 -0.145475990232397 -0.437322723315231 0.819586805984384 -0.19636450934043
t = 7
b = 20 20 20
E = -1.11372040902212 -1.39313124318871 0.279410834166589
-191.214292112486 -488.084785870353 -2104.98848454533 -0.794552034027778 0.0855044232716555 0.601145621977988 -0.559863951969833 -0.486384139591907 -0.670807590921689 -0.239622953956092 0.155089112386602 0.155602022999206 0.430938333953489 0.529138054772815 -0.289751000694693
-191.566057890211 -488.509426093792 -2105.14242655424 -0.598646817880586 0.65718916218239 0.457956758386047 -0.763376508393613 -0.294890568735623 -0.57471371908417 0.085687001158537 0.0964834115426971 -0.326352993974612 -0.62497511172931 0.170321672916271 -0.293820493631272
-192.042112480115 -488.742314488011 -2105.06449926888 -0.333528464659999 0.941255612931368 -0.0528832146029274 -0.796672169264359 -0.311400357486468 -0.518018602056838 -0.210110793626145 0.25734143597728 0.281605509376735 0.100950270178945 0.0114571205018434 -0.113937111911799
-192.620511373586 -488.823136895129 -2105.0746061911 0.116490707441678 0.826581650148226 -0.550629358750487 -0.792123575538871 -0.257121027841258 -0.553560311183316 0.0572841024098843 -0.278214518872348 0.360281457260355 -0.681216198275133 0.104579348914592 0.166425431164643
-193.173985921239 -488.707094072362 -2105.22831895105 0.516583803220243 0.532858138551847 -0.670226363573956 -0.78585630560403 -0.0157254689218971 -0.618209168946539 0.0998898490389994 -0.0155785008276907 -0.260092152611571 -0.303612719195016 0.237624725670384 -0.02229117303426
-193.56897858852 -488.391113287169 -2105.39720465685 0.643370959623528 -0.0949557706318152 -0.759642817340373 -0.765052443016734 -0.0438149598748183 -0.642475687263958 -0.0483364258632809 -0.179225981026934 -0.172733171159542 -0.344926328529967 -0.0486674516574932 0.370476316395465
-193.857079967219 -488.194442571204 -2105.82393781356 0.5277316576214 -0.772895259809373 -0.3523240197721 -0.731795226888692 -0.203113812449286 -0.650554013972126 -0.232445228347106 -0.422634353962048 -0.127092565144091 0.334825186375117 -0.151572954344003 0.0250750569590904
-194.018703132528 -488.18426621219 -2106.2929994431 0.201621826940431 -0.964496431536371 0.170573363849136 -0.714115192341007 -0.263945374542573 -0.648361266058783 0.187256435870257 -0.256774431127115 0.375521063593253 -0.146217739500668 0.037766238933331 0.18394761687975
-193.63852252369 -489.272148307669 -2106.26166956925 -0.341321229611784 0.9220956149098 -0.182317018351054 0.933817079221144 0.354770849322985 0.0460793557413679 0.0229722823638984 0.639458407306575 -0.283114064976426 0.595962954593291 0.363095104945613 0.64778991760479
-193.211636020646 -488.957829781675 -2106.37818972095 -0.583863846743155 0.599790115965023 0.5471332792446 0.810073242720725 0.385827096081213 0.44149608532519 -0.0619040257959313 0.601224950834327 -0.429286731740263 -0.0378199145159451 -0.097981317993462 0.0635307530060433
-192.875569355104 -488.512842876095 -2106.32896829185 -0.576247889556223 0.0357293217130327 0.816493591739657 0.806904985886301 0.183516089213327 0.561450076811532 -0.39084203545474 -0.363734515988016 0.0146721208603516 0.0614586692402805 0.155812455800964 0.0433179871222536
-192.551746789834 -488.132630734633 -2106.07442273656 -0.485918902281103 -0.493849977645708 0.72110680206559 0.748923235874061 0.19005007422906 0.634818837191725 0.361947505886754 0.0408463544892398 0.548487607671537 -0.479203497104701 -0.100258240977021 0.130403787552706
-192.383557263848 -487.837889813409 -2105.71794734267 -0.240775080604637 -0.797512743622288 0.553173376365748 0.590348337380194 0.332055525903396 0.735681974952125 0.372670260591281 0.23929637128851 -0.291953975724828 0.593770444908366 0.152761172808936 -0.00969261508532126
-192.441290422926 -487.670766294049 -2105.22634787102 0.33738250975686 -0.931715857370167 0.134456696505367 0.576881492992178 0.31750159900952 0.752595826237107 0.133863768727289 -0.0238971298372063 -0.10223371744862 -0.152631893851716 0.425471649091228 -0.315769937539516
-192.298432309884 -487.674787251399 -2104.74096100918 0.548720194552425 -0.737327173675893 -0.394023840712043 0.716041701655291 0.171239320518819 0.676728436375219 0.32154201761208 -0.203996340947833 0.189479648836426 -0.0521403684291682 0.242980328373435 0.0381413119909251
-192.152521166001 -487.860684423643 -2104.26883708037 0.750887174656949 -0.164529365873232 -0.639608113379636 0.660256502513282 0.20924489193284 0.721302936420574 -0.613410702814086 0.0493884057985752 -0.150291035066464 -0.438847383328025 0.815798215343056 -0.193156941478586
t = 8
b = 20 20 20
E = -1.11325868250261 -1.38946506849447 0.276206385991858
-191.215019775693 -488.084324020067 -2104.98801718668 -0.793452497142968 0.0855313935872947 0.602592329430606 -0.560829393461493 -0.487367927940861 -0.669285360847109 -0.242574415193704 0.16019565391967 0.150379457147723 0.43174887964007 0.533590989801677 -0.283290685936058
-191.565820080438 -488.509136706807 -2105.14342445252 -0.598489720566805 0.656721260681625 0.458832475032669 -0.763213218732033 -0.293274135109553 -0.575756775408187 0.075548362463633 0.100839894773236 -0.349023655499221 -0.614531148091406 0.149574916437045 -0.287318142591126
-192.042756630091 -488.741585356464 -2105.0636733054 -0.333679987391563 0.941218564606222 -0.0525859263964143 -0.796833128327217 -0.311419823174291 -0.517759267743568 -0.218004509988678 0.22983790848857 0.268544412616823 0.10021882204562 0.00484100258228307 -0.106542550277823
-192.620320722219 -488.823962192867 -2105.07351150883 0.117051443591606 0.82641792045089 -0.550756189534668 -0.790861093215727 -0.257868333422828 -0.555015904146322 0.0714425617778353 -0.278209126475323 0.362610985533161 -0.671735616072656 0.113857343121386 0.16770741128556
-193.17366795726 -488.707140700571 -2105.22908626184 0.517122507425983 0.532924792712795 -0.669757775337837 -0.785177405124937 -0.0161150902969869 -0.619061181423929 0.11842652376875 -0.0123473256059829 -0.255587250609232 -0.307839902817525 0.242324806272145 -0.0237529797628772
-193.569154829093 -488.391661390337 -2105.39773208209 0.643216560280453 -0.0960766251244805 -0.759632634031525 -0.765184862356902 -0.0448294625668035 -0.642247962788377 -0.0719858634363315 -0.191443737122687 -0.1856598712718 -0.345297910179862 -0.0566150905810008 0.380009772689445
-193.857795115626 -488.19568247583 -2105.82428352132 0.527364140332266 -0.773029372842008 -0.35257999406532 -0.731605615152599 -0.20215208169509 -0.651066632337681 -0.24892751967524 -0.405803017535649 -0.102584895969807 0.329245308434773 -0.157978981575195 0.0192034254748515
-194.018151572321 -488.185029132046 -2106.29189378277 0.201330182733972 -0.96447263500258 0.171051728583739 -0.714388077276471 -0.26405335975034 -0.648016587943383 0.188435062705226 -0.252616930523683 0.366076301767142 -0.150954402270908 0.0303278877738695 0.188040058605818
-193.638449260761 -489.270228107773 -2106.26250425621 -0.342548475799182 0.922008375668259 -0.180446936591443 0.933631798975842 0.355504792586945 0.044136225357926 0.0288734362530296 0.642118940337349 -0.2772782585455 0.585115810135502 0.361397514736429 0.659112775528453
-193.211788224127 -488.956052205815 -2106.37949962236 -0.583626075737116 0.599778968988874 0.547399115891081 0.810245723672629 0.385565904992218 0.441407748207651 -0.0468343968499287 0.572471822491318 -0.449333869675084 -0.0382448786388257 -0.107364950773873 0.0565201422360586
-192.876707150217 -488.513934601594 -2106.32893857615 -0.576599044707707 0.0355226323891053 0.816254668734157 0.806617381076296 0.183721998228079 0.561795895243726 -0.374245502721192 -0.357603369627008 0.0139084391907834 0.0691107984386281 0.148177745264556 0.039690514720096
-192.550679163161 -488.132526295121 -2106.07279835596 -0.485520379158347 -0.494111849165658 0.721195841596461 0.749715722820365 0.188986676802607 0.634200576274608 0.348556399328504 0.0279166668911006 0.530407988091103 -0.473262240777236 -0.102231800208404 0.111534787901422
-192.382466483995 -487.837165606022 -2105.71881335174 -0.241077862080003 -0.797663146161974 0.552824537868857 0.588860056114954 0.332563950483156 0.736644455046891 0.36785233880241 0.241367479228378 -0.283784937381787 0.591188702152638 0.16903912024778 0.00220690540533428
-192.440883204114 -487.670797956333 -2105.22666080684 0.335946985174321 -0.932284207302042 0.134111073247098 0.577650046722059 0.316399656199219 0.75247038551628 0.13823850354615 0.00179859368093644 -0.106455584639082 -0.151434606833406 0.420636692583098 -0.314794770972748
-192.297445657354 -487.675384577011 -2104.74034270201 0.548269385404336 -0.737374390285654 -0.394562656087994 0.7164886349975 0.170825632887805 0.676359844363856 0.337175221437169 -0.194973170094925 0.227962734444345 -0.0531719355264179 0.223101624680923 0.0387735704088091
-192.154352168194 -487.860542430096 -2104.26929377617 0.74927951592883 -0.16559914438935 -0.641215354141629 0.662070232829024 0.210109025896948 0.719386686030787 -0.609283309331786 0.0528345353148943 -0.15271848499209 -0.439807128505295 0.813017730057658 -0.190157221762305
t = 9
b = 20 20 20
E = -1.11276906986128 -1.38598841692091 0.273219347059629
-191.215757298103 -488.083847536422 -2104.98756703581 -0.792348033081402 0.0855832598460523 0.6040365056072 -0.561800289090584 -0.488351995548467 -0.667752022551461 -0.248144879822598 0.155150426370313 0.143397736353393 0.426860509661514 0.537711296455779 -0.276935726373682
-191.565612993857 -488.508834384166 -2105.14448999794 -0.59837620547858 0.656246972815513 0.459658381178383 -0.76301864516399 -0.291718552837614 -0.576803981489759 0.0637504498310942 0.104161260041782 -0.369815263483677 -0.611098700757772 0.132416960934092 -0.285894295175682
-192.043424102961 -488.740939429633 -2105.06288673048 -0.333836129505958 0.941178135771711 -0.0523178304382695 -0.79698621983675 -0.311457839787938 -0.517500704757935 -0.237130558085051 0.200651467536113 0.257839799306804 0.104957782055779 -0.00529638445267801 -0.103582532592142
-192.620087798247 -488.824786319063 -2105.07241100536 0.117636722012121 0.826259632619988 -0.550868969117816 -0.78960916587632 -0.258578406216594 -0.556466147220645 0.0776549609972891 -0.267931686122274 0.3643929212723 -0.673667465625222 0.122291988571491 0.166328061359076
-193.173294128547 -488.707177938431 -2105.22983874074 0.517670600547203 0.532995770446774 -0.669277713669705 -0.784485545081534 -0.016507564257392 -0.619927358551319 0.132494882824716 -0.00383513365655198 -0.242952568094563 -0.309705557736734 0.246083877837669 -0.024210855696903
-193.56940239578 -488.392245943639 -2105.39829746525 0.643043218506562 -0.0972268448183499 -0.759633042843313 -0.765332518305863 -0.0458423775080059 -0.642000477295789 -0.0895624596049351 -0.200140760442081 -0.19516093216222 -0.345047579010501 -0.064441491962879 0.38346142805298
-193.858559215432 -488.196870740277 -2105.82455379915 0.526990714017092 -0.773156244433743 -0.352860041706151 -0.73143206734435 -0.201185947731679 -0.651560699624891 -0.264678501819347 -0.395238529434095 -0.0726983968241263 0.328755421186756 -0.164145793887771 0.0178509833504827
-194.017597721021 -488.185779298189 -2106.29081717502 0.20101403667674 -0.964454567100482 0.171524765144699 -0.714674963326419 -0.264139256703492 -0.647665152576938 0.177115707166615 -0.24963601818048 0.343380602211154 -0.151891089935833 0.0263267391696063 0.189652841405307
-193.638358080463 -489.26830052114 -2106.26332179538 -0.34376967079238 0.921924985971376 -0.178540565936643 0.933439462085679 0.356240972107924 0.042227247279438 0.0384682220936449 0.638784048436623 -0.267524087162113 0.581311375951099 0.362236653452492 0.666890332317199
-193.211894993937 -488.95436216734 -2106.38087058237 -0.58336448118532 0.599793214412062 0.54766228830971 0.810434362732238 0.385287056480676 0.441304914782566 -0.023774119095117 0.559341176988877 -0.46405524590433 -0.0417873012342859 -0.121454173924211 0.0510141722001427
-192.87779357536 -488.515007307613 -2106.32891134079 -0.576932725879719 0.0353304817219006 0.816027197383945 0.806339959058249 0.183949503756083 0.562119605149859 -0.355910309757439 -0.354191006441509 0.00181172007121211 0.0768707288122044 0.140548898894632 0.0400199746949562
-192.549653066547 -488.132461286302 -2106.07123084538 -0.485143751394309 -0.494324804850087 0.721303353515689 0.750501184313367 0.187940949756082 0.633582016592181 0.336949263038657 0.0164903838317716 0.524397978884052 -0.466165601024829 -0.0963314249123199 0.102161835617251
-192.381390015504 -487.836435757393 -2105.71965291374 -0.241380914347928 -0.797847977226213 0.552425433361461 0.587364122742107 0.333028490890506 0.737628233984158 0.343505917350991 0.233688016918174 -0.277571951156413 0.5888175350075 0.184412974086481 0.007125950962942
-192.44046228901 -487.670751725415 -2105.22698562027 0.334521320981266 -0.93284494479173 0.133775165054892 0.57840905313233 0.315309857916633 0.752344775189643 0.136115304655841 0.0383443164034779 -0.117008346453402 -0.157327730235396 0.419677108013013 -0.31429680561405
-192.296413444617 -487.675954651516 -2104.73961012038 0.547861504334297 -0.737410054677676 -0.395062252472732 0.716904074828034 0.170457628992478 0.676012384659648 0.353323315641142 -0.186205934056949 0.261656462426307 -0.0488223009648953 0.201389967013692 0.0384954838231747
-192.156168796598 -487.860389593758 -2104.26975599029 0.74767406492716 -0.16665993068281 -0.642812538879025 0.663872050484812 0.210974469608872 0.717470329531714 -0.596648888624869 0.0557553179395449 -0.154730093424283 -0.437887179977249 0.806959580408284 -0.184614448528867
t = 10
b = 20 20 20
E = -1.11291450931564 -1.38274258640889 0.269828077093249
-191.216512497437 -488.083386901955 -2104.98713936784 -0.79123915529407 0.0856592365345818 0.605477575411212 -0.562779912692963 -0.489321544130533 -0.666215577961827 -0.245216075394232 0.151380245130475 0.142117309986879 0.423639427524548 0.544446407057804 -0.272212752518768
-191.565441592354 -488.508522241375 -2105.14561754542 -0.59830172790871 0.655759103145537 0.46045091054662 -0.762794186523248 -0.290202148316132 -0.577864813013423 0.0459779284449414 0.0934087819188374 -0.377572626803435 -0.600674916566519 0.115891442061584 -0.285340628082015
-192.044148608514 -488.740381592576 -2105.06213248287 -0.334012019374526 0.941129306394254 -0.0520730214143658 -0.797136171060249 -0.311526485826248 -0.517228357126864 -0.242301896500875 0.167011759313229 0.252060546846081 0.10510591364525 -0.011497255204552 -0.0981178169532108
-192.619836495813 -488.825578524917 -2105.07130633329 0.118239639890141 0.826110146163677 -0.550964076836302 -0.788347523540409 -0.259270513931985 -0.557930983844013 0.094101328990921 -0.264259539584429 0.358416847193372 -0.673444255912898 0.13388118170669 0.16587548355266
-193.172877970895 -488.707189966336 -2105.23055205164 0.518226815419962 0.533068482374437 -0.668789175210469 -0.783784593601794 -0.0168984270579174 -0.620802830208947 0.149560986639772 -0.00687948780238409 -0.236224945687039 -0.309085132017627 0.253264398222215 -0.0301874524152371
-193.569702932005 -488.392856360193 -2105.39889043913 0.6428517482143 -0.0983882888292132 -0.759645558427797 -0.765495082364874 -0.046851832494107 -0.641733733465165 -0.113829170572741 -0.201720758536106 -0.197835830198597 -0.349503232659385 -0.0731966297370714 0.392111483434003
-193.859369884205 -488.198026409432 -2105.82473275865 0.52660605720815 -0.773283822239913 -0.353154627286288 -0.731267623491209 -0.200206756113863 -0.652046714308019 -0.27547939421477 -0.382598339634504 -0.0452709802399752 0.325547068079791 -0.171400757104503 0.0121988336048037
-194.017079066422 -488.186520254619 -2106.28980932923 0.200685742046078 -0.964439429990855 0.171993659238736 -0.714966118072809 -0.264212914364047 -0.64731366885858 0.169296932870771 -0.261083028302667 0.32612844195026 -0.155725012941734 0.0193281390214395 0.191943491623304
-193.638237910172 -489.266383527725 -2106.26411046515 -0.344990694570499 0.921840974949913 -0.176608713157528 0.933239771056365 0.356983183721321 0.0403303391859473 0.0351110476662307 0.638636803073901 -0.262466171659354 0.574131052509421 0.365626428220554 0.673856754202041
-193.21193254674 -488.95271255273 -2106.38228640544 -0.583067836968674 0.599835113509064 0.547932234947206 0.810646872631703 0.384975503906658 0.44118647903608 -0.000729732048070206 0.537612957872151 -0.477405112611889 -0.0445655796340708 -0.131780622005506 0.047288318471707
-192.878823536527 -488.516069193858 -2106.32892065293 -0.577247472877403 0.0351412086421186 0.815812754565545 0.806072639981016 0.184198935038308 0.562421240179271 -0.331017646602567 -0.356515341960116 -0.00494671064870727 0.0874878567241977 0.133697092939527 0.0331461768142065
-192.54866302413 -488.13243111602 -2106.06968388539 -0.484793836066554 -0.494517471690651 0.721406547450577 0.751266658139652 0.186904144857331 0.632981239060707 0.31839850595655 0.00493640724228434 0.504559120725646 -0.454018593283267 -0.104615319287544 0.0943881606853046
-192.380386396052 -487.835729475205 -2105.72047195617 -0.2416985902264 -0.798055768441218 0.551986215353488 0.585860699798461 0.333451618027256 0.738632018576681 0.329518812220689 0.241686389242046 -0.26688969299059 0.586806950945805 0.20407377141593 0.0147107925621776
-192.440047126258 -487.670595214102 -2105.22734122329 0.333097739427482 -0.93340203294348 0.133441151393716 0.579178272496945 0.314225071331372 0.752206842041635 0.143171415875372 0.071185874284614 -0.123087292272558 -0.152254859811685 0.413368641250759 -0.312998111143474
-192.295334200936 -487.676498232939 -2104.73877774541 0.547499367727803 -0.737435091274676 -0.395517292282356 0.717278141805818 0.170128800960997 0.675698348652093 0.360149102905583 -0.177970801724425 0.292275517861874 -0.0409857462270109 0.181280429889456 0.0362170637334933
-192.157945542606 -487.860227474277 -2104.27022243551 0.746077302071649 -0.167702276351784 -0.644394759320652 0.665654782550511 0.211834597394391 0.715562585532801 -0.588340726091432 0.0536047717146859 -0.150836556944127 -0.436901550686474 0.802420366227853 -0.179574201073549
