t = 0
b = 5 5 5
E = 0 0 0
0.9201812744140625 0.9631443023681641 -0.7558372020721436 -0.2775240430992035 0.5617762596801852 0.779350909129907 -0.3382801886469674 -0.8164056786801065 0.46802594136206477 0 0 0 0 0 0
0.9608039855957031 0.6414432525634766 -0.35411399602890015 -0.8905022121924706 0.43987238728544287 0.11626733412322335 -0.37631438438726855 -0.8557108505645384 0.35517097900778083 0 0 0 0 0 0
0.7682685852050781 0.4092693328857422 0.03326299041509628 -0.8726110613299104 0.1708028864308054 -0.4575765614971912 -0.4191223333150849 -0.7428846655094916 0.521975903148191 0 0 0 0 0 0
0.44771385192871094 0.2645683288574219 0.3975986838340759 -0.5553527965728178 -0.14349451090675222 -0.8191413777110654 -0.5515278854903007 -0.6736635894751113 0.49192922228925046 0 0 0 0 0 0
-0.027410507202148438 0.05124664306640625 0.5963919162750244 0.01512051078499783 -0.30138024713182054 -0.9533841391550226 -0.6479210069920721 -0.7291760896540652 0.22022851535436125 0 0 0 0 0 0
-0.5364589691162109 -0.10889434814453125 0.5271269083023071 0.4446795675686151 -0.5740503463678784 -0.6875509304930858 -0.7154439691727423 -0.6894809646074354 0.11294213747912235 0 0 0 0 0 0
-0.9022617340087891 -0.47263526916503906 0.33611372113227844 0.7869195358447768 -0.5930137197450134 -0.1705648624424853 -0.5882066738482382 -0.8044330749572971 0.08306826563218997 0 0 0 0 0 0
-1.0686473846435547 -0.83135986328125 0.06794357299804688 0.6009569252680107 -0.5563441109158128 0.5738745544295484 -0.6389366198268555 -0.765761121098923 -0.07327961010781522 0 0 0 0 0 0
-0.23109054565429688 -1.4450874328613281 0.5411301255226135 -0.7275334838622828 0.4620594600671084 -0.5071450337149147 0.6223521288179815 0.7555785903107219 -0.20439868301872433 0 0 0 0 0 0
0.061431884765625 -1.2013893127441406 0.16809429228305817 -0.823387730524882 0.5473992754610945 0.14962178466304032 0.5154449151012708 0.8317153006851769 -0.20631577279115115 0 0 0 0 0 0
0.12976646423339844 -0.7868671417236328 -0.20233772695064545 -0.5906628390939097 0.4793833735536737 0.64908319318391 0.3976108323510622 0.87287287896442 -0.2828401724745985 0 0 0 0 0 0
0.007970809936523438 -0.33839988708496094 -0.5185878872871399 -0.10511871397295364 0.3512476619948156 0.9303629054921784 0.13679020211652773 0.9317604000619737 -0.33631978455224754 0 0 0 0 0 0
-0.2235260009765625 0.20001602172851562 -0.6013473868370056 0.4894588194745075 0.06933209187954191 0.8692658540827589 0.3209638764293264 0.9125325032147491 -0.25350862037430616 0 0 0 0 0 0
-0.25991249084472656 0.6451568603515625 -0.46192455291748047 0.9073711141860353 -0.20427759109422908 0.367353136528779 0.2709819408351827 0.9523890658885418 -0.1397277886361492 0 0 0 0 0 0
-0.06853103637695312 1.164358139038086 -0.27040281891822815 0.8739342484713365 -0.469365877222887 -0.12623233598262448 0.3246548572355936 0.7569962045663663 -0.5670590533140728 0 0 0 0 0 0
0.022729873657226562 0.8075389862060547 0.4933397173881531 0.9614617100952368 0.05430225188617219 0.26952299616328435 -0.2553869763095519 0.5394600752429126 0.8023467576742461 0 0 0 0 0 0
