t = 0.0
b = 200.0 200.0 200.0
E = 0.0 0.0 0.0
106.7591274121226 101.9933860951389 82.06718968406997 -0.12278199131855898 -0.87377488157632 0.4705762838628156 0.41421348102667666 0.3857712679567425 0.8243832367017236 0.0 0.0 0.0 0.0 0.0 0.0
106.70386770753275 102.22583395776402 82.57408212677322 0.2866101662102633 -0.9088517494726222 0.30305628207558877 0.3305701331956724 0.3907155565501991 0.8591069438135529 0.0 0.0 0.0 0.0 0.0 0.0
106.64233664063822 102.23928124246251 83.06718515411697 0.7195615990857712 -0.692310354652094 -0.0541985051696033 0.25270081777710185 0.18835131368895436 0.949034287750674 0.0 0.0 0.0 0.0 0.0 0.0
106.57210043458353 102.01983267602574 83.53416549221359 0.9617559727524407 -0.13764984018888887 -0.23680787649691729 0.264227366003375 0.2384269083173627 0.9345247500441827 0.0 0.0 0.0 0.0 0.0 0.0
106.71280172852885 101.98648149308812 83.95252191082321 0.916663698246711 0.25430389342434295 -0.308313467279461 0.32255345926817475 -0.015243154038028617 0.9464285034640002 0.0 0.0 0.0 0.0 0.0 0.0
107.04789999513041 101.84838802156102 84.32061015621505 0.4896591273488071 0.7915619053171347 -0.3656004500198438 0.4537679414584829 0.12670177232684765 0.882066503271588 0.0 0.0 0.0 0.0 0.0 0.0
107.57142904786478 101.8709700756992 84.64395152584396 -0.15679361549203868 0.9559573031392422 -0.24811569219959045 0.40742911524843956 0.2914577885231609 0.8654789850464668 0.0 0.0 0.0 0.0 0.0 0.0
107.91424063233744 102.1197825127567 84.94206680909477 -0.6815983816326086 0.7187142045603994 -0.13738099693524533 0.28588609815095334 0.43439177220625386 0.854150412470505 0.0 0.0 0.0 0.0 0.0 0.0
108.15982321290385 102.54962307748448 85.2477158437737 -0.9621659496151396 0.25608040478603744 -0.09305649727888796 0.06813238601264698 0.556817872535522 0.8278356327201908 0.0 0.0 0.0 0.0 0.0 0.0
108.16202810792338 103.11325282392156 85.43723334179006 -0.9510059182091452 -0.2185736950636923 0.21866248731180543 0.08199324044960633 0.5036234388979133 0.8600235696265618 0.0 0.0 0.0 0.0 0.0 0.0
107.96093252686869 103.54027623471868 85.73131885186515 -0.4058574531242959 -0.8061204158048005 0.43063859902028634 0.07055869640823567 0.44214760111784557 0.8941627196360317 0.0 0.0 0.0 0.0 0.0 0.0
107.59059408692728 103.68944567975652 86.16118704334579 0.23978720009636165 -0.940500883572416 0.24074921945761682 -0.0403946112614009 0.23810373573838362 0.9703993437799029 0.0 0.0 0.0 0.0 0.0 0.0
107.4013164380015 103.58887166318547 86.58063684955917 0.7518193942013489 -0.621312677843272 0.2207671960548913 -0.15414703194755575 0.1599221478036459 0.975019794252213 0.0 0.0 0.0 0.0 0.0 0.0
107.27508047608744 103.33457440671575 87.06738459125839 0.9908984832899945 -0.10493277170482936 0.0843167197887233 -0.09417717994809419 -0.0928594722831231 0.9912153031427247 0.0 0.0 0.0 0.0 0.0 0.0
107.18155935792338 103.07441253003728 87.52693938270889 0.9640776147325524 0.2550223387952229 -0.07428296902390862 0.15587549517781657 -0.31673962556360236 0.9356168230642817 0.0 0.0 0.0 0.0 0.0 0.0
107.3193080761851 102.65378052529942 87.8511009122499 0.6534101913592707 0.7527711697030554 0.0799417781371829 0.19016471402617036 -0.2654399154610783 0.9451873003904359 0.0 0.0 0.0 0.0 0.0 0.0
107.75916555909525 102.51123720941197 88.15246914879165 -0.017633447361396645 0.9857647822227267 0.16720303724374416 0.17351410609426607 -0.16167457495855325 0.9714701162662076 0.0 0.0 0.0 0.0 0.0 0.0
108.12337759522806 102.59106571015965 88.54381894127212 -0.6961011911764348 0.7087701584692493 0.1144027714097191 0.024147005842601182 -0.13614446738520328 0.9903946718905738 0.0 0.0 0.0 0.0 0.0 0.0
108.22014883546244 102.76573044595372 89.08588027016006 -0.969506362076135 0.1964511618856194 -0.14650718374089475 -0.1931079271130461 -0.2443245767814567 0.950270924350874 0.0 0.0 0.0 0.0 0.0 0.0
108.10266378907572 102.990277355286 89.54214452759109 -0.9065515238794825 -0.3597810422711889 -0.2207304604581018 -0.23693317368686645 0.0009641002667286 0.971525471471204 0.0 0.0 0.0 0.0 0.0 0.0
107.82478598145853 103.06611174878728 90.03982471481643 -0.5453962845518376 -0.7217856316926088 -0.4261084306595591 -0.41879468654138413 -0.20570302687286549 0.8844757064272849 0.0 0.0 0.0 0.0 0.0 0.0
107.37499502686869 103.09045047101628 90.3054945375093 0.012264253923417866 -0.9486608430011639 -0.31605726226749264 -0.6384887296489267 -0.2506829131563242 0.7276607857805437 0.0 0.0 0.0 0.0 0.0 0.0
106.909739289564 102.90602404412877 90.40743373886428 0.5338788034543738 -0.8406335118600791 0.09115219119646151 -0.6903933083053908 -0.3711275803094284 0.6209842179804623 0.0 0.0 0.0 0.0 0.0 0.0
106.51290396241556 102.55656987962377 90.44029735580764 0.6907572181217445 -0.511517659428691 0.5110813533140327 -0.7223927957549018 -0.4572196782868102 0.5187473512498382 0.0 0.0 0.0 0.0 0.0 0.0
106.27755239991556 102.08821207818639 90.46356605545364 0.6322791946463021 -0.09126667183663634 0.7693460954793279 -0.6144432488139868 -0.6639294025651046 0.42621267273094554 0.0 0.0 0.0 0.0 0.0 0.0
106.22417715577494 101.62071902093541 90.6090195085176 0.1846267274188216 0.47831275693270336 0.8585626815079102 -0.5756739818747796 -0.6554025180319241 0.4889243356081283 0.0 0.0 0.0 0.0 0.0 0.0
106.2024867871226 101.14871031579625 90.98934482590042 -0.13568281626862855 0.8719753897393989 0.47037122898646433 -0.7550913270788209 -0.3983788247582431 0.5207027940721907 0.0 0.0 0.0 0.0 0.0 0.0
105.9743373730601 101.03402216148626 91.48073791519485 -0.289369837022987 0.9333825517398485 -0.21227837744080058 -0.8237862005336001 -0.12989277011543926 0.5518189595167539 0.0 0.0 0.0 0.0 0.0 0.0
105.71802023438822 101.11817533311498 91.94469570175491 -0.4126238240127427 0.6590878032543388 -0.6287645405543087 -0.890925682128602 -0.14824361178199386 0.4292729440455277 0.0 0.0 0.0 0.0 0.0 0.0
105.56953695802103 101.3838844948734 92.26521896377884 -0.6331932628138104 0.07930278882565922 -0.769920359265602 -0.7693590510033149 -0.17318393484437206 0.614893466668088 0.0 0.0 0.0 0.0 0.0 0.0
105.15310934571635 101.59936887559545 92.48023246780716 -0.35584102962151604 -0.5236955089612902 -0.7740285366391053 -0.8716362654294696 -0.11276135202440515 0.47700639228190195 0.0 0.0 0.0 0.0 0.0 0.0
104.59533194093119 101.71459776696813 92.60088562027298 0.03615140543009616 -0.8337252474443738 -0.5509948163633178 -0.8443506856059411 -0.32041302473983474 0.4294268427728374 0.0 0.0 0.0 0.0 0.0 0.0
104.0815151074351 101.5624094658817 92.53713249222122 0.2956868439726724 -0.9355387976832751 -0.19322641726951462 -0.860763260335581 -0.34864892922488117 0.3708510938460401 0.0 0.0 0.0 0.0 0.0 0.0
103.58561209229838 101.22049075898778 92.56307338730178 0.6487346608941759 -0.7220132175454234 0.24050000716054887 -0.750054569668441 -0.5531817427119896 0.36250255454219404 0.0 0.0 0.0 0.0 0.0 0.0
103.31444815186869 100.782203262421 92.55215858475052 0.6205902690373247 -0.42687403740577995 0.6577585226852404 -0.7346800347974326 -0.6097199784372079 0.2974672996559019 0.0 0.0 0.0 0.0 0.0 0.0
103.05343130616556 100.31470448312413 92.66137527481399 0.5415828153915163 0.2974149905726436 0.7862775447990823 -0.6487701972088148 -0.4469223445189323 0.6159201646182206 0.0 0.0 0.0 0.0 0.0 0.0
103.02173880128275 99.89024228391301 92.9998886491426 0.1170783709029472 0.8291559666726672 0.5466196465530916 -0.6852451629787472 -0.3309477599902011 0.6487778100179589 0.0 0.0 0.0 0.0 0.0 0.0
102.84208181886088 99.70138270196568 93.54217456833206 -0.04768253100836839 0.9935341802392245 0.10303498887760432 -0.637394824985429 -0.10968562010110022 0.7626905675467812 0.0 0.0 0.0 0.0 0.0 0.0
102.78840902833353 99.7895321303333 94.07560848251663 -0.5382984744956392 0.7539522463429056 -0.37655114206459983 -0.7280055284596215 -0.19091889578074492 0.6584511567049514 0.0 0.0 0.0 0.0 0.0 0.0
102.66006735352885 100.01347941693913 94.54697155014358 -0.7185858664713941 0.29680317592740074 -0.6289214794129424 -0.6372502222079676 0.08110474467670505 0.7663773056966277 0.0 0.0 0.0 0.0 0.0 0.0
102.24414328126322 100.15336853799474 94.85731338516555 -0.5719519066097322 -0.20925731947127169 -0.7931471432043303 -0.8166265748186131 0.054010104976446455 0.5746337493225171 0.0 0.0 0.0 0.0 0.0 0.0
101.80295828370463 100.42283434209477 95.01910900131546 -0.35162711355553355 -0.7392444303161033 -0.5743483657670001 -0.8535951935517998 0.001283566850982687 0.5209353107645942 0.0 0.0 0.0 0.0 0.0 0.0
101.28970605520617 100.54309481916081 94.98280166641555 0.008476377621317727 -0.9992889852261441 0.03673792356849204 -0.8479916130732026 0.012287059936974487 0.5298672025287218 0.0 0.0 0.0 0.0 0.0 0.0
100.76763420937668 100.48630279836308 94.95305847183548 0.3070317034430029 -0.8593518244390957 0.4089571798050322 -0.8321699025455427 -0.03392330474161698 0.5534821249984043 0.0 0.0 0.0 0.0 0.0 0.0
100.26228598145853 100.182899778458 95.14451526657425 0.688997381413856 -0.32684316675489594 0.6468818692392615 -0.7020258769180494 -0.07915243506583473 0.7077390480682783 0.0 0.0 0.0 0.0 0.0 0.0
99.96707418946635 99.89766270455968 95.44241546646438 0.7291998935735494 0.34421397597603687 0.5914256115143247 -0.6251055053488633 -0.016561530274380787 0.78036454487471 0.0 0.0 0.0 0.0 0.0 0.0
99.82053640870463 99.63942772683751 95.84359573379837 0.5002120420949241 0.7628184989653536 0.409750961657774 -0.586754748463978 -0.04939852381473758 0.8082565502363086 0.0 0.0 0.0 0.0 0.0 0.0
99.79635122804056 99.54779023465764 96.40397285477005 0.06050945826933303 0.9968709434376075 -0.05086184807658484 -0.4188304989429595 0.07160927751487206 0.9052365019866295 0.0 0.0 0.0 0.0 0.0 0.0
99.9224574902476 99.80181927022588 96.8936989213594 -0.3677480948430319 0.8997001107695438 -0.2351617516106551 -0.07136982220915972 0.22482996909665348 0.971780753809125 0.0 0.0 0.0 0.0 0.0 0.0
100.10533407716166 100.14553756055486 97.28683399216018 -0.9068147046517291 0.3414339090139097 -0.24720432278355914 -0.16676065712242627 0.24802527028757093 0.9542925906318636 0.0 0.0 0.0 0.0 0.0 0.0
100.0292461255015 100.50988823709142 97.67327331558548 -0.9381224559484709 -0.2508026055178112 -0.23879763547968108 -0.2975118498932083 0.23077404654773867 0.9264070588100585 0.0 0.0 0.0 0.0 0.0 0.0
99.77623251466166 100.83258921441686 97.98777317062698 -0.74371820433974 -0.6656519089251935 -0.06156921859109646 -0.3423835246405432 0.3001882325119637 0.8903148584158648 0.0 0.0 0.0 0.0 0.0 0.0
99.43171957520853 101.07742721376073 98.35599445358596 -0.3857499407853476 -0.9192973486887918 -0.07803440188698013 -0.4395718087862139 0.10876732464650177 0.8915976076738085 0.0 0.0 0.0 0.0 0.0 0.0
98.90163687257181 101.14202243623387 98.58402751938186 0.19642611622301281 -0.9553016496213018 0.22094238863641133 -0.5675017872217522 0.07299202231870183 0.8201304080315174 0.0 0.0 0.0 0.0 0.0 0.0
98.44751242188822 101.04621631813299 98.9011680986055 0.6626359941364302 -0.6774960336999372 0.31923762872769007 -0.44888465439236697 -0.018063514955518528 0.8934071168725359 0.0 0.0 0.0 0.0 0.0 0.0
98.10064199952494 100.80609399613988 99.16026805893264 0.8591509549543419 -0.22529842263529873 0.4594564803755507 -0.4931019183716527 -0.12449683417032785 0.8610174425525665 0.0 0.0 0.0 0.0 0.0 0.0
98.01466635255228 100.41492361364018 99.55324291244827 0.7563475934099865 0.5377560817206959 0.372500623509983 -0.3615971116468592 -0.13084881111020658 0.9231067746906066 0.0 0.0 0.0 0.0 0.0 0.0
98.00458029298197 100.14980942544591 99.96690486923538 0.20418339407828587 0.9702169777127212 0.13033862720108969 -0.36764460419496525 -0.047397730632965485 0.9287577187497137 0.0 0.0 0.0 0.0 0.0 0.0
98.20157125977885 100.12080914315831 100.4796421434053 -0.27761165107006475 0.96041394435004 -0.0231695206715882 -0.23731778259125144 -0.045187734277176886 0.9703805123439295 0.0 0.0 0.0 0.0 0.0 0.0
98.23807791261088 100.3035017901386 100.97774814621292 -0.6296551699707901 0.7159916103320917 -0.3014803158800151 -0.20826839181332613 0.21829076635670577 0.9534009745615394 0.0 0.0 0.0 0.0 0.0 0.0
98.27578238038431 100.67301232156407 101.36225437179885 -0.9380939722236068 0.03512023808415051 -0.3445958040293693 -0.3318795925643512 0.1937084146077647 0.9232188181300609 0.0 0.0 0.0 0.0 0.0 0.0
98.12098196534525 100.99239904524822 101.7086403276094 -0.8245352455046361 -0.4861464270069058 -0.2894879624941747 -0.3850522564406225 0.10723493016731896 0.9166435673488333 0.0 0.0 0.0 0.0 0.0 0.0
97.77837637452494 101.1449187451328 102.12510799423538 -0.39811319478941154 -0.888501546912436 -0.22819045832106155 -0.44926535347872576 -0.02803162546384466 0.8929584929533344 0.0 0.0 0.0 0.0 0.0 0.0
97.41598013429056 101.14388996896398 102.39080547348343 0.22614066181196885 -0.9728946172517701 0.04833699202243388 -0.47305536924251645 -0.06630869168275527 0.878533878139112 0.0 0.0 0.0 0.0 0.0 0.0
97.02608755616556 100.95005805206549 102.77142642990432 0.5603498320280869 -0.8275634290947925 0.03386497557895585 -0.4052798807089501 -0.2383016270938053 0.8825874193625152 0.0 0.0 0.0 0.0 0.0 0.0
96.6791484692515 100.62523133096349 103.03124927536331 0.8840103291229775 -0.33451711218660674 0.32653336683747675 -0.40654457676894556 -0.2053451842836133 0.8902555039938185 0.0 0.0 0.0 0.0 0.0 0.0
96.53568533448588 100.33102602300298 103.44057010666214 0.9856028181604853 0.11355937468439672 0.12526513184201646 -0.059613869137859356 -0.4598958858421524 0.8859695033080291 0.0 0.0 0.0 0.0 0.0 0.0
96.59080008057963 99.90835291680943 103.72787784591995 0.6870000446160068 0.6400792351096484 0.34399056888096763 0.04774783769860591 -0.512128024728226 0.8575809176299766 0.0 0.0 0.0 0.0 0.0 0.0
96.96873739747416 99.56604141530644 104.01223110214553 0.07966813318649195 0.9172361492609191 0.3902958301642239 0.1482867074994933 -0.3980890409232327 0.9052823691400275 0.0 0.0 0.0 0.0 0.0 0.0
97.33026388673197 99.47933966455113 104.3780739213594 -0.3779497766799522 0.8465104634772945 0.3749319958752927 0.33497815347563575 -0.25250055294724877 0.9077626933595516 0.0 0.0 0.0 0.0 0.0 0.0
97.66692617921244 99.61656207379949 104.78698658005081 -0.8538196314627425 0.44252652674152715 0.2741574548665545 0.16712230119188845 -0.26575747482748024 0.9494435744253836 0.0 0.0 0.0 0.0 0.0 0.0
97.79337576417338 99.69735974607121 105.3008205796846 -0.9993672317601396 0.02925395949971249 0.020232200514633963 0.014101200932771365 -0.19635039907081717 0.9804323928333785 0.0 0.0 0.0 0.0 0.0 0.0
97.68482473878275 99.87600797948491 105.83978199020706 -0.8127189374681171 -0.557587790290588 -0.16906739721056185 -0.04274170987411517 -0.23233165367413333 0.9716970458625874 0.0 0.0 0.0 0.0 0.0 0.0
97.4025600293101 100.0095039063419 106.24474071518264 -0.4631631048116825 -0.869447303899521 -0.17187589733018566 -0.2249360629448574 -0.07226205649134168 0.9716902607202098 0.0 0.0 0.0 0.0 0.0 0.0
97.17828634766947 99.9761239939655 106.71869586960159 0.09322290293978122 -0.9557853927888357 -0.2788974243319065 -0.3545933877280399 -0.2936218816055358 0.8877216455747695 0.0 0.0 0.0 0.0 0.0 0.0
96.79923513917338 99.7479825669254 106.92531894699417 0.7376535797953084 -0.6709958988677793 0.07504465282608552 -0.39220169980741104 -0.3353644172997251 0.856567880717806 0.0 0.0 0.0 0.0 0.0 0.0
96.57928732423197 99.3125246220554 107.20385288254104 0.9569207791160911 -0.23536587746353094 0.1700162528162399 -0.2613754779627534 -0.44331834232496903 0.8574098826570543 0.0 0.0 0.0 0.0 0.0 0.0
96.51952627686869 98.877697651955 107.54636310592971 0.9619889357713387 0.21586234208751248 0.16727443535107564 -0.03245433314179194 -0.5178199366715717 0.8548738090769721 0.0 0.0 0.0 0.0 0.0 0.0
96.68778494386088 98.41868395146977 107.84376453415237 0.6009447564588053 0.7441782938937543 0.2916574473282787 0.05336477031104073 -0.40143690866226184 0.9143306894408261 0.0 0.0 0.0 0.0 0.0 0.0
97.01851156739603 98.19710702237737 108.19576381698928 -0.1059919798167254 0.9260578732231823 0.36219126943631164 -0.08245895548047769 -0.3711741893917672 0.9248947193007605 0.0 0.0 0.0 0.0 0.0 0.0
97.22957113770853 98.12707680997502 108.73179554001175 -0.594261965697458 0.8014459510401133 0.06735802614983093 -0.23651831767885778 -0.25419225663427836 0.9377874930225588 0.0 0.0 0.0 0.0 0.0 0.0
97.33254507569681 98.14740652379643 109.22495197311721 -0.9012892870632838 0.4173056904653339 -0.11633392338526519 -0.2211360512363825 -0.21225030868729552 0.9518658798936582 0.0 0.0 0.0 0.0 0.0 0.0
97.20347860841166 98.33172935781133 109.80764125839553 -0.9323556614609145 -0.09830959434324141 -0.34791973816075444 -0.33027749199398787 -0.15985886103881564 0.9302483124572352 0.0 0.0 0.0 0.0 0.0 0.0
96.87705496339213 98.51525062856328 110.15645336166702 -0.6476042260795923 -0.6236449558764435 -0.43780787495626533 -0.5626150373489328 0.0038671735240518867 0.8267099640852248 0.0 0.0 0.0 0.0 0.0 0.0
96.41868856934916 98.58179802236211 110.45965885177932 -0.16864173261028909 -0.9129305700345438 -0.37164195177428855 -0.6159705554809095 -0.19674254544962622 0.7628057718649888 0.0 0.0 0.0 0.0 0.0 0.0
95.87562826661478 98.61102837857854 110.51304363266311 0.32912500290811086 -0.943751551313997 0.031776435501172096 -0.6705590661419869 -0.20989360439961927 0.7115442457408553 0.0 0.0 0.0 0.0 0.0 0.0
95.50360373048197 98.38431138333928 110.7424366380342 0.7379610328804065 -0.6009175300115646 0.30710199620791123 -0.6243731848642138 -0.4352991750132914 0.6485929033340296 0.0 0.0 0.0 0.0 0.0 0.0
95.23041037110697 97.92589706716191 110.96228908554397 0.8634255573660811 -0.08697925242357392 0.4969214389970594 -0.5007282899320011 -0.26760983648028214 0.8231987336486678 0.0 0.0 0.0 0.0 0.0 0.0
95.1874492505015 97.48175281819951 111.21003269211135 0.6469825444165263 0.4853048576443467 0.5881265020105094 -0.367251091467122 -0.4776235160534674 0.7981243090702916 0.0 0.0 0.0 0.0 0.0 0.0
95.14192465333353 97.22485369977605 111.64568256393753 0.27937054381271487 0.8063936160544076 0.5212306929148399 -0.15871945675386556 -0.49659338070766673 0.8533481987354798 0.0 0.0 0.0 0.0 0.0 0.0
95.32265738038431 96.97465891179692 112.13467906967483 -0.33577076549037804 0.9191338020258166 0.20603651864553646 -0.3499175962458822 -0.3247957234039586 0.8786725293850963 0.0 0.0 0.0 0.0 0.0 0.0
95.35679129151713 96.87652105626714 112.62178539291702 -0.6388964882494469 0.7643368986815335 -0.08718017329886196 -0.3717852841520143 -0.20756592064850327 0.9048160537221615 0.0 0.0 0.0 0.0 0.0 0.0
95.23356894044291 97.0412558966602 113.13350223556839 -0.8027999575383117 0.3234167898111928 -0.5009129747218648 -0.5599695098795996 -0.12038645872067492 0.8197202257855397 0.0 0.0 0.0 0.0 0.0 0.0
94.89978292970072 97.27327460584294 113.46240543381057 -0.721751364576694 -0.21695194015965652 -0.6572722597163527 -0.6721568331913856 -0.006908753875189105 0.7403765668320543 0.0 0.0 0.0 0.0 0.0 0.0
94.48916891602885 97.39907664594304 113.75311016098343 -0.425308109614727 -0.7210296516666022 -0.5470185127703506 -0.7837465010409586 -0.008840909302047895 0.6210179227919016 0.0 0.0 0.0 0.0 0.0 0.0
93.99096182374369 97.47268266019475 113.88233303085647 -0.03644823626284005 -0.9147452299876583 -0.4023837599706963 -0.8520307124220448 -0.18196772165056646 0.49084764781639256 0.0 0.0 0.0 0.0 0.0 0.0
93.49219778565775 97.43203753766667 113.8581936265596 0.27037876503402436 -0.9620994610454345 0.035495781083960565 -0.8912273075651219 -0.23617564744969538 0.38721434606938476 0.0 0.0 0.0 0.0 0.0 0.0
93.07515982179056 97.284999554726 113.83834575668655 0.5164443635957121 -0.6913970815729072 0.5052279633023955 -0.8383134025799643 -0.2878522351667366 0.4630029479002446 0.0 0.0 0.0 0.0 0.0 0.0
92.69916847733866 96.93401331243169 113.78230022445999 0.43292225368643916 -0.12671404052098273 0.8924807416397852 -0.8545411504930999 -0.3728517073173014 0.36158128610936474 0.0 0.0 0.0 0.0 0.0 0.0
92.40143898515116 96.50077909764897 114.00372432724319 0.4367715976844489 0.40051284358316275 0.8054936583121574 -0.6809093539175718 -0.437963658955029 0.5869840587122257 0.0 0.0 0.0 0.0 0.0 0.0
92.22703865556132 96.08632225331914 114.50693630234085 0.1928949311133862 0.8965813904710134 0.3986644651982739 -0.7135813507895808 -0.15069388138387294 0.684173230928235 0.0 0.0 0.0 0.0 0.0 0.0
92.12315681962382 95.98583740529668 115.04291652695022 -0.2855395498591857 0.9566554820377849 -0.05724905373249706 -0.7192163573371937 -0.17442295292821058 0.6725358465021927 0.0 0.0 0.0 0.0 0.0 0.0
92.02440956620585 96.12861770925176 115.46352504745803 -0.574424957207066 0.7386609849066451 -0.3527264066020651 -0.5796995215787804 -0.06286841872753307 0.8124013950062079 0.0 0.0 0.0 0.0 0.0 0.0
91.8220551350535 96.25213665303838 115.92602275863968 -0.6565259976169145 0.45937531772811063 -0.5982874993807846 -0.5737084583256226 0.21085610607082764 0.791453288184644 0.0 0.0 0.0 0.0 0.0 0.0
91.51024178056132 96.62996620473515 116.30719875351272 -0.5843570843352003 -0.29214754773643076 -0.7570842808689492 -0.785646525413071 -0.029927200286412728 0.6179513733210616 0.0 0.0 0.0 0.0 0.0 0.0
91.15108803300272 97.00197357473027 116.39350246445022 -0.36746501134730003 -0.8334731876960056 -0.41266440460425946 -0.7462094351779897 -0.0006111360856635994 0.6657109773498037 0.0 0.0 0.0 0.0 0.0 0.0
90.60956886796366 97.09249538716924 116.47637676254593 0.09562970067703318 -0.9947801530836667 -0.03560066543279605 -0.7926318592875226 -0.09773436279654435 0.6018161928455885 0.0 0.0 0.0 0.0 0.0 0.0
90.03573921708475 96.92136902150762 116.58229946152053 0.5126789652630327 -0.8268898282121262 0.23111358803875365 -0.8214507155466093 -0.39409931035073476 0.41219468156326233 0.0 0.0 0.0 0.0 0.0 0.0
89.64345863847147 96.60526127156865 116.53928493515335 0.5632473168704525 -0.398682435896169 0.7237435839757984 -0.825437528837734 -0.3112244808736071 0.47094820149482375 0.0 0.0 0.0 0.0 0.0 0.0
89.43652657060038 96.1353105956043 116.72564815536819 0.5051056589627413 0.24581393888508069 0.8273111752742235 -0.7716759715111841 -0.30065088081573677 0.5604687706348964 0.0 0.0 0.0 0.0 0.0 0.0
89.9802811482371 96.36843818959844 117.68654941574417 -0.42878438030757876 -0.28300160105039635 -0.8579359236021987 0.8669084981080247 0.13831390409998484 -0.47889343265564704 0.0 0.0 0.0 0.0 0.0 0.0
90.32701424149882 96.1441635542835 117.416182747043 -0.6089741363980948 0.40662887009041576 -0.6810311763841556 0.7686332512335653 0.09053569747049603 -0.6332505132896855 0.0 0.0 0.0 0.0 0.0 0.0
90.55527809647928 95.94040388402593 116.9734394456514 -0.3901143664104815 0.8424392260356637 -0.3716274095873182 0.5749867944795705 -0.09234850721274743 -0.8129341543997799 0.0 0.0 0.0 0.0 0.0 0.0
90.61468819169413 95.90989107427251 116.37150692001663 0.06288298206144627 0.9876740909488058 0.14333743626669773 0.577189725240489 0.08117619319087802 -0.8125653492094318 0.0 0.0 0.0 0.0 0.0 0.0
90.69258430985819 96.03413910207402 115.91216777817093 0.33828252206663045 0.8247242820251288 0.45320502413629005 0.5168634297179365 0.23961940706538737 -0.8218483648324938 0.0 0.0 0.0 0.0 0.0 0.0
90.74917152909647 96.2568754607166 115.47512935654007 0.7152458047247338 0.3040395484566947 0.6292721126809269 0.6222903929691268 0.1327473456916917 -0.7714485135316159 0.0 0.0 0.0 0.0 0.0 0.0
90.94701698808085 96.72829145726811 115.25591396347366 0.7525374633909762 -0.3328240859223045 0.5682565389179938 0.6444890036865031 0.19484857130328584 -0.7393699739563725 0.0 0.0 0.0 0.0 0.0 0.0
91.32377937821757 97.05712980565679 115.13664363876663 0.5082947650552134 -0.8527921774577222 0.11992470089344548 0.6529115624701354 0.2908072423122843 -0.6993837568971208 0.0 0.0 0.0 0.0 0.0 0.0
91.7819168904246 97.10921568212163 114.93089794174514 0.23807753659820843 -0.9684284273963912 0.07392880073342128 0.9242378619943474 0.20250343884975225 -0.32369234113605894 0.0 0.0 0.0 0.0 0.0 0.0
92.39763191728007 97.2158803397144 114.92899059311233 -0.13029085345672387 -0.9586503355892351 -0.25300954049237956 0.9353837690771136 -0.034234962397396096 -0.3519732545190637 0.0 0.0 0.0 0.0 0.0 0.0
92.8442104199351 96.9724606924976 115.01824306503616 -0.27537388965999315 -0.32035739071115654 -0.9063886380081481 0.9578409672264339 -0.011094244486988564 -0.28708465518378506 0.0 0.0 0.0 0.0 0.0 0.0
93.31996420411478 96.69821066198003 114.83054088608108 -0.466105294192395 0.213414681679894 -0.8586035338672269 0.8408368782446289 -0.19502244944072847 -0.5049352318842143 0.0 0.0 0.0 0.0 0.0 0.0
93.61223104981791 96.42778152761113 114.48285793320022 -0.4153401625347566 0.7470300750925416 -0.5190747694627754 0.8368672704101178 0.0901120644821482 -0.5399379478709418 0.0 0.0 0.0 0.0 0.0 0.0
93.91353872804056 96.3049449377979 114.01842998520218 -0.4813130391806901 0.8428673404407817 -0.24064996308524783 0.6874250251573653 0.1926191790447643 -0.700246161468606 0.0 0.0 0.0 0.0 0.0 0.0
93.95348623780619 96.33313984212529 113.46142887131057 -0.0754917101023932 0.9586625830527686 0.27434841636213114 0.7583523191712686 0.23384472300185377 -0.6084557547856247 0.0 0.0 0.0 0.0 0.0 0.0
94.02382162598978 96.58735126790654 113.0542499925264 0.45499803271767697 0.6439614527507147 0.615053198995203 0.6049541059448826 0.28331111682497945 -0.744154110909703 0.0 0.0 0.0 0.0 0.0 0.0
94.10058096436869 96.86169666585576 112.65762447372757 0.6488709844612354 0.3387602615908543 0.68132806392457 0.5525084196486199 0.4058934823188967 -0.7280006368324302 0.0 0.0 0.0 0.0 0.0 0.0
94.2531459668101 97.33711118039739 112.53875850693069 0.8606113046979337 -0.28369310958317406 0.42292600038440425 0.50756569537613 0.5455546369895455 -0.6668936968787081 0.0 0.0 0.0 0.0 0.0 0.0
94.55317953614603 97.77905315694463 112.54623149887405 0.7047534308454112 -0.7056033931184414 0.07380009032084056 0.5952817385694221 0.531539727400891 -0.6025820856284665 0.0 0.0 0.0 0.0 0.0 0.0
95.00809744386088 98.03323644933354 112.51295970932327 0.233137554322715 -0.8703539767670906 -0.43374051677256764 0.5747552806108369 0.4831152371000933 -0.660496809297122 0.0 0.0 0.0 0.0 0.0 0.0
95.54557302979838 98.15691918668401 112.28169368759475 -0.36974517426641557 -0.7448225754588016 -0.5554528217532211 0.4823305716620625 0.3570899857802333 -0.7999024701147137 0.0 0.0 0.0 0.0 0.0 0.0
95.95550039796244 98.01822513875615 111.89971660629593 -0.6173720655779215 -0.5303814329492736 -0.5809881825189959 0.6238425888430471 0.11983613825553797 -0.7723080501416547 0.0 0.0 0.0 0.0 0.0 0.0
96.27932241944681 97.77359861669194 111.54804538742385 -0.8617088985735806 0.12690677664123645 -0.49127634195189807 0.5069806904810441 0.1758499359791573 -0.8438289989657207 0.0 0.0 0.0 0.0 0.0 0.0
96.46261099366556 97.72040552434575 111.04285930649124 -0.8974221006952751 0.3964896175674645 -0.19346719707714213 0.27800317746547215 0.16772253005079046 -0.9458241835734923 0.0 0.0 0.0 0.0 0.0 0.0
96.42038992432963 97.51230043706548 110.57115291611038 -0.5235852929951119 0.8508423433893313 -0.04388334142899503 0.12379492372865994 0.025016689703070444 -0.9919924304627104 0.0 0.0 0.0 0.0 0.0 0.0
96.18855551270853 97.48600405988347 110.08347057358108 0.19693728996023424 0.9469674447490142 0.25390620789701324 0.1771009669862302 0.22035691886540268 -0.9592070036236644 0.0 0.0 0.0 0.0 0.0 0.0
96.15355185059916 97.73788899716985 109.6244232560762 0.5748401035626799 0.6775645001113932 0.45876486736109673 0.1703830458001639 0.4492520459059833 -0.8770075352886925 0.0 0.0 0.0 0.0 0.0 0.0
96.14326742677103 98.21453851995122 109.30762599960647 0.8393970931368661 0.14136797594916137 0.5248119810078813 0.35346049952947584 0.5915343608039819 -0.7246742545865682 0.0 0.0 0.0 0.0 0.0 0.0
96.248850617689 98.72243899640691 109.13413929001175 0.9283407092498258 -0.36439461085793284 0.07348533953943603 0.28054666874972967 0.5571028459958737 -0.7816201031426503 0.0 0.0 0.0 0.0 0.0 0.0
96.55995443848978 99.07506007489812 108.81174205795608 0.5735566358967499 -0.8188977894298665 -0.020957000875150927 0.3817621936545875 0.2898467663106251 -0.877636872262846 0.0 0.0 0.0 0.0 0.0 0.0
97.05662802247416 99.30404526528966 108.62007259384475 -0.0553793027325572 -0.9418579286173587 -0.33141631693305923 0.42574509155632406 0.2779634592539005 -0.8610908386083912 0.0 0.0 0.0 0.0 0.0 0.0
97.41450766114603 99.25059086618077 108.26231502548538 -0.6575960141875596 -0.6281757565841741 -0.41588784661797296 0.44792041699584106 0.11786273651408369 -0.8862706558268095 0.0 0.0 0.0 0.0 0.0 0.0
97.66158560304056 99.03186590013158 107.80693744675003 -0.9651775924968193 0.025219921888252367 -0.2603769776343409 0.2555716717708401 0.3032788077037949 -0.9179896978648631 0.0 0.0 0.0 0.0 0.0 0.0
97.73473623780619 99.01644200620305 107.27607273117385 -0.9892869703792402 0.13318867444674604 0.05976677368725082 -0.03568592688014098 0.1763497257009181 -0.983680481085152 0.0 0.0 0.0 0.0 0.0 0.0
97.57192495850931 98.90453118619573 106.78829692856155 -0.6627045841651789 0.6970264224231307 0.27381891930702773 -0.23254068634242997 0.15603057027244244 -0.9599892136559911 0.0 0.0 0.0 0.0 0.0 0.0
97.30285910157572 98.82161230382573 106.41358303085647 -0.09721399661862462 0.965809654035954 0.24033549682139146 -0.2455195337586041 0.21074452311621034 -0.9462065865969645 0.0 0.0 0.0 0.0 0.0 0.0
96.99579123048197 98.94867271718633 105.95856212631546 0.1643907324115167 0.9472550890170724 0.2751063129563971 -0.19908427659918718 0.30502350545926643 -0.9313034478237042 0.0 0.0 0.0 0.0 0.0 0.0
96.6864726880015 99.25075513658177 105.64745258346878 0.764529597563438 0.6096251941970404 0.2094077769561317 -0.10587615731574376 0.43922351039744295 -0.8921171151963175 0.0 0.0 0.0 0.0 0.0 0.0
96.58095053223978 99.65768153009068 105.3714935685762 0.9960755007297196 0.0777190636653878 -0.042347892379830464 -0.06545951690033674 0.3248571703994876 -0.943495029391895 0.0 0.0 0.0 0.0 0.0 0.0
96.64299276856791 100.09961873826634 105.10620426193557 0.8674207433509173 -0.41491195409946147 -0.2746439956560288 -0.04588879774238723 0.48290474715860415 -0.8744696812431196 0.0 0.0 0.0 0.0 0.0 0.0
96.7704570630015 100.48783892926824 104.7400295640596 0.5074966799146002 -0.8412058562497735 -0.18660071620104393 0.11117030940282177 0.27867437547097396 -0.953929638266441 0.0 0.0 0.0 0.0 0.0 0.0
97.10949972657572 100.6639023476566 104.48030780807815 -0.06979340114556948 -0.9232655958466616 -0.37776913675212104 0.26298270014096675 0.34826738569186844 -0.899749924973555 0.0 0.0 0.0 0.0 0.0 0.0
97.43548086671244 100.7441676312412 104.08805393234573 -0.6625429025949177 -0.6974250477358194 -0.27319444542631444 0.26461906094065313 0.12327214261166905 -0.9564417031073118 0.0 0.0 0.0 0.0 0.0 0.0
97.66737631348978 100.52008134660375 103.66612171188675 -0.9520734903561361 -0.21160904031375546 -0.22085670245336936 0.2322061072856818 -0.030055040743118887 -0.9722021488688246 0.0 0.0 0.0 0.0 0.0 0.0
97.72001150636088 100.08136314687383 103.33250545517288 -0.8380103698706522 0.47365464026838283 -0.2709057063656674 0.33023938922045987 0.04502863694453167 -0.9428225536452843 0.0 0.0 0.0 0.0 0.0 0.0
97.61729696778666 99.91377753553044 102.75417064682327 -0.45848370090437596 0.8884039616561683 0.023045540103283912 0.34381453867328204 0.20122746219443244 -0.9172235667794774 0.0 0.0 0.0 0.0 0.0 0.0
97.54820517091166 99.97742420968663 102.22534297958694 -0.1130675923066285 0.9690767537385989 0.21933072045074178 0.15081139461010593 0.23492721205733175 -0.9602422237595702 0.0 0.0 0.0 0.0 0.0 0.0
97.27922323731791 100.05747241315495 101.88973163620315 0.43318044891247515 0.8798303590808935 0.1955843498840656 0.027415679972203524 0.20403797364907048 -0.9785790135706176 0.0 0.0 0.0 0.0 0.0 0.0
97.17406729249369 100.3658831768955 101.35752796188675 0.7298848578810105 0.6262878474887952 0.2739190141700071 0.11878585607018112 0.2784160595834797 -0.9530867841721876 0.0 0.0 0.0 0.0 0.0 0.0
97.14956167725931 100.75104934510838 100.94438861862503 0.9289531855748034 -0.013810385781031692 0.36993952513215383 0.37009357752009825 0.05828966940176944 -0.9271639867463615 0.0 0.0 0.0 0.0 0.0 0.0
97.4667461255015 101.06967932519566 100.56259464279495 0.7194055058486792 -0.5072971612632983 0.4744526407649188 0.5768343360451949 0.0558294413644177 -0.8149510551169536 0.0 0.0 0.0 0.0 0.0 0.0
97.93754080323588 101.23959214028966 100.3977272416719 0.30599239662654726 -0.9378946800439922 0.16346933153322235 0.39543022526810395 -0.030986232423688087 -0.9179731969641605 0.0 0.0 0.0 0.0 0.0 0.0
98.38575247315775 101.27465397653233 100.14818119064651 -0.3640823945730018 -0.9223405960039472 -0.12935159421156264 0.5958817569814866 -0.12394118302789767 -0.793450385875703 0.0 0.0 0.0 0.0 0.0 0.0
98.88417318848978 101.09348637399327 100.0362827684053 -0.642305511564853 -0.6509571324221063 -0.4045966405720648 0.6098003912770263 -0.11423388312336061 -0.7842793524917916 0.0 0.0 0.0 0.0 0.0 0.0
99.19776419190775 100.70050651368749 99.71432613388382 -0.9011455389584084 -0.006085639607086246 -0.4334739699289124 0.4096786107198287 -0.3389570387920348 -0.8469188637478832 0.0 0.0 0.0 0.0 0.0 0.0
99.2576625683726 100.29218668279302 99.3408596421846 -0.6995196436116566 0.5922887817887602 -0.399832799015548 0.18550749165094593 -0.3898228884439464 -0.9020116884977673 0.0 0.0 0.0 0.0 0.0 0.0
99.09209707764994 100.017168229195 98.8855430986055 -0.16094960670808717 0.9355475100551626 -0.31439796521303637 0.23344673300319735 -0.27342556986587824 -0.9331350816434101 0.0 0.0 0.0 0.0 0.0 0.0
99.05443075684916 99.95565814313542 98.29188465133987 0.19942253389145725 0.9772661113232218 0.07198333581808447 0.17302961830058927 0.03718642035873934 -0.984214367570224 0.0 0.0 0.0 0.0 0.0 0.0
98.86995199708353 100.10720032987248 97.8562519456514 0.7442143777989215 0.651659984650676 0.14657497836413022 0.12592760699251923 0.0786202455935347 -0.9889191548250799 0.0 0.0 0.0 0.0 0.0 0.0
98.842356477064 100.38682836827886 97.39696811691604 0.9507582397583064 0.09175715732296055 0.29603951359860126 0.2988090824336642 -0.01776217445072805 -0.9541475972898185 0.0 0.0 0.0 0.0 0.0 0.0
99.03235128907572 100.65149361428868 96.92228149429641 0.8037846829859309 -0.5127647231629372 0.3016662428526648 0.33713545249022076 -0.025195769951632835 -0.9411189403315389 0.0 0.0 0.0 0.0 0.0 0.0
99.41151693848978 100.77685601052892 96.51513504043899 0.4246630108054804 -0.7789401078592302 0.46142565557397835 0.5656503835807003 -0.1696674003183644 -0.807002240904085 0.0 0.0 0.0 0.0 0.0 0.0
99.94430044679056 100.80311829385411 96.26747058883987 -0.09865925500770706 -0.9731952130052289 0.20774366123911173 0.5943310195980857 -0.22506499298952184 -0.7720857388102218 0.0 0.0 0.0 0.0 0.0 0.0
100.40809137014757 100.63287097749364 96.28328823105178 -0.44807051995424046 -0.839399357901472 -0.307638630705789 0.6833928317321093 -0.09974068400282682 -0.7232053881794693 0.0 0.0 0.0 0.0 0.0 0.0
100.8492000672416 100.30328745183598 96.19215320602737 -0.6944909130829692 -0.392380930348482 -0.6030916822043261 0.7192302448152631 -0.4016118922871112 -0.5669353957167806 0.0 0.0 0.0 0.0 0.0 0.0
101.09170037893664 99.85433751878392 95.95825790420852 -0.6782186990364804 0.2997993122233884 -0.6709245625758886 0.5837101572989878 -0.33487119225524264 -0.7396916498538721 0.0 0.0 0.0 0.0 0.0 0.0
101.18447381643664 99.49829811391484 95.37659000412307 -0.4278980714965804 0.8501828729352497 -0.306744719558581 0.4960368978571135 -0.06280531043307694 -0.866027071716408 0.0 0.0 0.0 0.0 0.0 0.0
101.19591790823351 99.33664113816869 94.88883136764846 0.21924138690551248 0.9708482302222479 0.09688616073555778 0.7055913136937282 -0.08918527997367504 -0.7029842700060762 0.0 0.0 0.0 0.0 0.0 0.0
101.31624108938585 99.54456860360753 94.38993667618118 0.46969015880317966 0.6873092997690048 0.554073173122904 0.6941498985196213 0.10026800873757039 -0.712812910102645 0.0 0.0 0.0 0.0 0.0 0.0
101.53225210694681 99.9207782202686 93.95103477493606 0.6169381883703839 0.2504853683422228 0.7460860218344331 0.7313262424020711 0.1677904101954662 -0.6610660371101398 0.0 0.0 0.0 0.0 0.0 0.0
101.82256582764994 100.42962450322759 93.78377460495315 0.7133559798362782 -0.32094557945166224 0.6229905144239842 0.6924665466279489 0.1861090368882741 -0.697031927668799 0.0 0.0 0.0 0.0 0.0 0.0
102.22669485597025 100.69657546815526 93.59972595230423 0.4336384069212872 -0.764076505630537 0.4776450832848559 0.8619226043670106 0.19714495046650682 -0.4671437600854248 0.0 0.0 0.0 0.0 0.0 0.0
102.68654898194681 100.8738210850681 93.70520328537307 0.21770118316824588 -0.9721898429620137 -0.08633136213822268 0.8861459485339753 0.2339550152568542 -0.40001301070463463 0.0 0.0 0.0 0.0 0.0 0.0
103.20740774659525 100.88798553285253 93.7294208909639 -0.15372994392034794 -0.7748822804300847 -0.6131268676364774 0.7968677279397545 0.2696786449989329 -0.5406248723465032 0.0 0.0 0.0 0.0 0.0 0.0
103.66665915040385 100.6752856427158 93.6500112916597 -0.5120309523184468 -0.3000474820775291 -0.8048576348440755 0.7773013995468057 0.23690753475018497 -0.5828184573614386 0.0 0.0 0.0 0.0 0.0 0.0
104.07702902345072 100.46911198434483 93.36477874771438 -0.6760060361070706 0.22714285610789803 -0.7010149513854558 0.7350040240974487 0.27596625947827197 -0.6193639545454097 0.0 0.0 0.0 0.0 0.0 0.0
104.38756063966166 100.4072113686527 92.88814949051223 -0.7150436924814467 0.6353945852608017 -0.2915239936330324 0.6152310946820542 0.3739296704004582 -0.6940225513126544 0.0 0.0 0.0 0.0 0.0 0.0
104.49824789552103 100.45418233213078 92.34155868545852 -0.3561269532563437 0.9045190810192258 0.234560920096442 0.6649066343504872 0.4216638754339305 -0.6165214868524425 0.0 0.0 0.0 0.0 0.0 0.0
104.63662985352885 100.68507177171361 91.97569870010696 0.0080585480418221 0.8495176003486705 0.5274987265399742 0.5249742380437654 0.4453786116360034 -0.7252861102265467 0.0 0.0 0.0 0.0 0.0 0.0
104.60064962891947 101.06022435960423 91.59343170181594 0.556263673387721 0.37602467309263976 0.7410642150952725 0.5486981390206161 0.5035367925259527 -0.6673687517467298 0.0 0.0 0.0 0.0 0.0 0.0
104.76287344483744 101.61040455636632 91.42745613113723 0.6903129469334712 -0.19058567753681932 0.6979578316874581 0.7052453521184635 0.3926445106336196 -0.5903043973956061 0.0 0.0 0.0 0.0 0.0 0.0
105.15706900147806 101.95169002351415 91.26287960068069 0.5306837909708358 -0.691266391075095 0.49043398186793297 0.8406325687227322 0.3553940101559815 -0.40869546357632996 0.0 0.0 0.0 0.0 0.0 0.0
105.632151398939 102.14564163026463 91.36269592300735 0.30066015525788725 -0.9528142907724112 -0.041813853447994875 0.8683187008114004 0.2916055965005833 -0.4012341086083547 0.0 0.0 0.0 0.0 0.0 0.0
106.05448416261088 102.287800376984 91.48557399765335 0.08254057217167349 -0.8838952061667209 -0.4603436960153393 0.945272248766428 0.21575093876792922 -0.24476909145727138 0.0 0.0 0.0 0.0 0.0 0.0
106.55620840577494 102.13906199273717 91.6475880052217 -0.347885142692858 -0.35983349834607214 -0.8657342438425301 0.8845576532449005 0.18004240272420052 -0.43028187424892916 0.0 0.0 0.0 0.0 0.0 0.0
107.04410055665385 102.04206330117833 91.4217455293306 -0.5990538861928236 0.08248385849084894 -0.7964489026458239 0.7994122511593409 0.11819101482373619 -0.5890423895708103 0.0 0.0 0.0 0.0 0.0 0.0
107.36708334473978 101.93895847139012 91.02270244613968 -0.7302619513791346 0.45119533189923544 -0.5129719825100365 0.6339211561481886 0.16761302572688455 -0.7550164510753543 0.0 0.0 0.0 0.0 0.0 0.0
107.5248515942515 101.86892468270909 90.49853252426468 -0.5182146370316407 0.8552466740804704 0.0025916096268932542 0.5650815280251258 0.3446680067969269 -0.7495911097227757 0.0 0.0 0.0 0.0 0.0 0.0
107.52301291016947 101.96971375283849 89.93476604477249 -0.29735084744717966 0.9049033021976964 0.30452009325190427 0.2224895674085739 0.3758385832024829 -0.8995797639846597 0.0 0.0 0.0 0.0 0.0 0.0
107.29723623780619 102.14561945733678 89.5157749559053 0.30817759942491685 0.8383682879256341 0.449627824999006 0.06493634161862305 0.45299102463145846 -0.88914700873395 0.0 0.0 0.0 0.0 0.0 0.0
107.0783412793101 102.50115258035314 89.15410517708145 0.7908612342282149 0.4978720032938957 0.355896019268476 0.08544659556326151 0.4860087640314845 -0.8697668426602827 0.0 0.0 0.0 0.0 0.0 0.0
107.06238058595072 103.02819938001286 88.95271681801162 0.9797899380497714 -0.19733801289475905 0.032701467293883665 0.11781465971094972 0.4372019116599482 -0.8916132538259398 0.0 0.0 0.0 0.0 0.0 0.0
107.34048727540385 103.46062726316106 88.71500872627578 0.6884890240952655 -0.7118981706674152 -0.13850580601814683 0.17580334669029718 0.3491029483224704 -0.9204457152733394 0.0 0.0 0.0 0.0 0.0 0.0
107.64527395753275 103.72662801084172 88.36942385689102 0.14416206847196972 -0.9809188540047522 -0.13044347385701732 0.26661168272862096 0.1654479587276781 -0.9494973320581039 0.0 0.0 0.0 0.0 0.0 0.0
108.07447317628275 103.71457738217961 87.97572659508072 -0.5654598676661085 -0.820065938973856 -0.08801700854923122 0.1572731999471852 -0.0024513907359119264 -0.9875520904042647 0.0 0.0 0.0 0.0 0.0 0.0
108.34049490479838 103.37191552457463 87.55773114219986 -0.944199033665997 -0.3111563371728089 -0.10802739773501316 0.14520643096956545 -0.09884429997506874 -0.9844515715704452 0.0 0.0 0.0 0.0 0.0 0.0
108.43243673829447 103.14355439481389 87.09947382465683 -0.9863146909273899 0.16475453621589953 -0.00626683788610468 -0.04117685469474781 -0.28295744508173554 -0.9582481677051429 0.0 0.0 0.0 0.0 0.0 0.0
108.24450186280619 102.76461512384068 86.79698215977035 -0.7020918332191965 0.6985003595138876 -0.13843520320307875 -0.10757672888187107 -0.29621973845557137 -0.9490422087306704 0.0 0.0 0.0 0.0 0.0 0.0
107.93064383057963 102.54652101335179 86.40175043598495 -0.26498091237677396 0.9416566561093231 -0.20752796939444224 -0.2986547160756248 -0.2847862328525404 -0.9108798834881835 0.0 0.0 0.0 0.0 0.0 0.0
107.45701101807963 102.57699758348119 86.15595518604599 0.43890492091050914 0.8110675167097214 -0.3866936174012512 -0.47842185742166976 -0.15333921240691423 -0.8646384286391777 0.0 0.0 0.0 0.0 0.0 0.0
107.10278585938822 102.71052605447423 85.76785888329826 0.8660293121507046 0.3571212496284089 -0.3499394855680356 -0.34450923966196806 -0.08102626051538248 -0.9352797062346783 0.0 0.0 0.0 0.0 0.0 0.0
107.05277517823588 102.92836291131627 85.30185474262319 0.9348540043803212 -0.30295148193242194 -0.1851172333658538 -0.23386740126317943 -0.13317159341894091 -0.9631050645348446 0.0 0.0 0.0 0.0 0.0 0.0
107.11818960694681 103.08270520505559 84.74977909580551 0.6304242737955161 -0.7570844924198248 0.17143017921828235 0.028180840826949202 -0.1983765420258239 -0.9797206682438433 0.0 0.0 0.0 0.0 0.0 0.0
107.3717983105601 103.04415005979192 84.25544153705917 0.12923240762627164 -0.9062948893809784 0.4024034769991891 0.0598835785422315 -0.3979329303203769 -0.9154579946603851 0.0 0.0 0.0 0.0 0.0 0.0
107.6510951855601 102.81132990655553 83.88261734501205 -0.5972978464878151 -0.6787648381654001 0.42721607770695685 0.04634549157157636 -0.5609964193699574 -0.8265198805020215 0.0 0.0 0.0 0.0 0.0 0.0
107.7995326855601 102.28197247323644 83.63184474960647 -0.9098027510287428 -0.31491631600451503 0.27034546072511734 -0.05461421617654086 -0.5548689432865241 -0.8301432064213488 0.0 0.0 0.0 0.0 0.0 0.0
107.77323416261088 101.77249199685704 83.357109775699 -0.9805481318871113 0.17832683220738457 0.08200549961786754 -0.14936372548693577 -0.406868384664704 -0.9011928734011374 0.0 0.0 0.0 0.0 0.0 0.0
107.49193838624369 101.4356492215122 83.06638645187698 -0.7363076447298402 0.6721206343635653 -0.07813389261462658 -0.4234959572474011 -0.547812922364842 -0.7214930188748876 0.0 0.0 0.0 0.0 0.0 0.0
107.11221579102885 101.13510257539403 82.87016462341629 -0.44604664063777344 0.8787257460983369 -0.16995133868163065 -0.6207865956614118 -0.4405388820558061 -0.6484978766689492 0.0 0.0 0.0 0.0 0.0 0.0
106.62283590821635 100.9638381691004 82.66371892944656 0.06964325208028926 0.8656590217717199 -0.49576635168687083 -0.7274475517247059 -0.29599975609305856 -0.6190348971444026 0.0 0.0 0.0 0.0 0.0 0.0