85
0 1 0.4417502182285813 s 8.421187119750298
0 2 0.6385136337137417 s 8.421187119750298
0 3 0.8644482967382868 s 8.421187119750298
0 4 1.2373175257506854 s 8.421187119750298
0 10 1.3797290934792104 s 8.421187119750298
0 11 1.0483779057345468 s 8.421187119750298
0 12 0.6022752498781704 s 8.421187119750298
0 13 0.5049996543321996 s 8.421187119750298
0 14 0.490646254490873 s 8.421187119750298
0 15 0.8770151881714793 s 8.421187119750298
0 16 1.1296305821631585 s 8.421187119750298
0 17 1.4151838692831762 s 8.421187119750298
0 18 1.1951276268432829 s 8.421187119750298
0 19 1.1801304118751392 s 8.421187119750298
1 2 0.44334321625002165 s 8.421187119750298
1 3 0.7575070386572513 s 8.421187119750298
1 4 1.1797808011779507 s 8.421187119750298
1 5 1.422829514223689 s 8.421187119750298
1 10 1.4900200666438008 s 8.421187119750298
1 11 1.212437271114126 s 8.421187119750298
1 12 0.7727795526172354 s 8.421187119750298
1 13 0.7331591918303046 s 8.421187119750298
1 14 0.7055641127472775 s 8.421187119750298
1 15 0.9118678122128157 s 8.421187119750298
1 16 1.030730731786962 s 8.421187119750298
1 17 1.418669335742675 s 8.421187119750298
1 18 1.3130548153857737 s 8.421187119750298
1 19 1.1921155082267045 s 8.421187119750298
2 3 0.4446433013919239 s 8.421187119750298
2 4 0.7991216236790685 s 8.421187119750298
2 5 1.071835701575446 s 8.421187119750298
2 6 1.418417597063902 s 8.421187119750298
2 9 1.4566650370857115 s 8.421187119750298
2 10 1.2792794021419842 s 8.421187119750298
2 11 0.9723884789997914 s 8.421187119750298
2 12 0.6030222582637235 s 8.421187119750298
2 13 0.5725994577299163 s 8.421187119750298
2 14 0.7396773507665202 s 8.421187119750298
2 15 0.8063493419253215 s 8.421187119750298
2 16 0.7714348604954471 s 8.421187119750298
2 17 1.1316147684748235 s 8.421187119750298
2 18 1.0195601287921827 s 8.421187119750298
2 19 0.7940428042359815 s 8.421187119750298
2 20 1.1602052277413244 s 8.421187119750298
2 21 1.41628728132299 s 8.421187119750298
2 22 1.280749439237025 s 8.421187119750298
2 23 1.353875986771805 s 8.421187119750298
3 4 0.43842713119887694 s 8.421187119750298
3 5 0.7182391754638803 s 8.421187119750298
3 6 1.0289900283840936 s 8.421187119750298
3 7 1.219193121543848 s 8.421187119750298
3 8 1.3680978007938882 s 8.421187119750298
3 9 1.0429648803473153 s 8.421187119750298
3 10 0.885263699241758 s 8.421187119750298
3 11 0.6765129096512899 s 8.421187119750298
3 12 0.48780261750907755 s 8.421187119750298
3 13 0.7458526991986739 s 8.421187119750298
3 14 1.0751822769958728 s 8.421187119750298
3 15 1.1865550842357946 s 8.421187119750298
3 16 1.10649172019169 s 8.421187119750298
3 17 1.3875281977668346 s 8.421187119750298
3 18 1.1990323753580148 s 8.421187119750298
3 19 0.874613694043118 s 8.421187119750298
3 20 1.237317906864618 s 8.421187119750298
3 21 1.4618314168727269 s 8.421187119750298
3 22 1.205111191743178 s 8.421187119750298
3 23 1.2204302828708646 s 8.421187119750298
4 5 0.45857239650000314 s 8.421187119750298
4 6 0.6482616511053189 s 8.421187119750298
4 7 0.9405026204918021 s 8.421187119750298
4 8 1.0524722196477638 s 8.421187119750298
4 9 0.7392888894541909 s 8.421187119750298
4 10 0.7732718494326268 s 8.421187119750298
4 11 0.6331505670714127 s 8.421187119750298
4 12 0.7265333451685977 s 8.421187119750298
4 13 0.9710969381965121 s 8.421187119750298
4 14 1.3619640022569988 s 8.421187119750298
4 15 1.400924095745122 s 8.421187119750298
4 16 1.2376719899026698 s 8.421187119750298
4 17 1.4093453489858783 s 8.421187119750298
4 18 1.2058329901477172 s 8.421187119750298
4 19 0.8104548809702246 s 8.421187119750298
4 20 1.0870116203224016 s 8.421187119750298
4 21 1.2781069015135311 s 8.421187119750298
4 22 0.9597501036255831 s 8.421187119750298
4 23 0.8822438811634472 s 8.421187119750298
4 24 1.310041571886846 s 8.421187119750298
4 25 1.27765625230411 s 8.421187119750298
4 26 1.12060893001559 s 8.421187119750298
4 27 1.4138775443006346 s 8.421187119750298
5 6 0.44069166761114736 s 8.421187119750298
5 7 0.6949501512198945 s 8.421187119750298
5 8 0.9840366404370204 s 8.421187119750298
5 9 0.8649661750543427 s 8.421187119750298
5 10 1.0049808308269734 s 8.421187119750298
5 11 1.0321294010665472 s 8.421187119750298
5 12 1.1276902674164835 s 8.421187119750298
5 13 1.3880152076594192 s 8.421187119750298
5 16 1.5069835466144903 s 8.421187119750298
5 19 1.1578776095464747 s 8.421187119750298
5 20 1.3244280883535011 s 8.421187119750298
5 22 1.302977694535868 s 8.421187119750298
5 23 1.0760347070360257 s 8.421187119750298
5 24 1.487175666748784 s 8.421187119750298
5 25 1.4739703806761493 s 8.421187119750298
5 26 1.1848967746328907 s 8.421187119750298
5 27 1.4168611072045392 s 8.421187119750298
6 7 0.4481034834126002 s 8.421187119750298
6 8 0.6298650109552405 s 8.421187119750298
6 9 0.6217469646795718 s 8.421187119750298
6 10 0.939630357054976 s 8.421187119750298
6 11 1.0697031762162534 s 8.421187119750298
6 12 1.3222386029918656 s 8.421187119750298
6 19 1.3344183452079221 s 8.421187119750298
6 20 1.4605787278222089 s 8.421187119750298
6 22 1.2857007935306646 s 8.421187119750298
6 23 1.034367259084835 s 8.421187119750298
6 24 1.3621182954254878 s 8.421187119750298
6 25 1.2462546229901734 s 8.421187119750298
6 26 0.9087742349535283 s 8.421187119750298
6 27 1.2011356158767017 s 8.421187119750298
7 8 0.4473261408670276 s 8.421187119750298
7 9 0.6690116916675415 s 8.421187119750298
7 10 0.9286166375320632 s 8.421187119750298
7 11 1.2187624151087366 s 8.421187119750298
7 12 1.4914030328681975 s 8.421187119750298
7 23 1.4713080998491703 s 8.421187119750298
7 26 1.2773867890296648 s 8.421187119750298
8 9 0.44402792569351524 s 8.421187119750298
8 10 0.7911867954949773 s 8.421187119750298
8 11 1.1281637629982877 s 8.421187119750298
8 12 1.5064059277931514 s 8.421187119750298
8 23 1.4604174204805165 s 8.421187119750298
8 25 1.4265377499594705 s 8.421187119750298
8 26 1.1661727100015213 s 8.421187119750298
9 10 0.44100544682888715 s 8.421187119750298
9 11 0.696833268367972 s 8.421187119750298
9 12 1.1011282031457243 s 8.421187119750298
9 13 1.4520217167513525 s 8.421187119750298
9 19 1.3909110956754038 s 8.421187119750298
9 22 1.2427426732846463 s 8.421187119750298
9 23 1.2004439755455396 s 8.421187119750298
9 24 1.4807888564907818 s 8.421187119750298
9 25 1.2209012649003976 s 8.421187119750298
9 26 1.0593909804125838 s 8.421187119750298
9 27 1.478466479550455 s 8.421187119750298
10 11 0.4470793931050986 s 8.421187119750298
10 12 0.8182731418554302 s 8.421187119750298
10 13 1.228449497177514 s 8.421187119750298
10 19 1.3935613815668244 s 8.421187119750298
10 22 1.35617666542814 s 8.421187119750298
10 23 1.4214116315937755 s 8.421187119750298
10 25 1.5136582536089458 s 8.421187119750298
10 26 1.4265446886240902 s 8.421187119750298
11 12 0.45705648461209414 s 8.421187119750298
11 13 0.8058740824207822 s 8.421187119750298
11 14 1.2371916780571028 s 8.421187119750298
11 15 1.4412775554308386 s 8.421187119750298
11 16 1.4644335132725068 s 8.421187119750298
11 18 1.227480381128277 s 8.421187119750298
11 19 1.0192750035771212 s 8.421187119750298
11 20 1.4010039082939134 s 8.421187119750298
11 21 1.425051927766819 s 8.421187119750298
11 22 1.03912821407049 s 8.421187119750298
11 23 1.2020694851127571 s 8.421187119750298
11 25 1.3799224425683743 s 8.421187119750298
11 26 1.380451673622928 s 8.421187119750298
12 13 0.44805174190775127 s 8.421187119750298
12 14 0.8360621517842209 s 8.421187119750298
12 15 1.0888148128035746 s 8.421187119750298
12 16 1.1761724319105042 s 8.421187119750298
12 17 1.3820997941220907 s 8.421187119750298
12 18 1.073833443396004 s 8.421187119750298
12 19 0.9125888667375963 s 8.421187119750298
12 20 1.3473048276766817 s 8.421187119750298
12 21 1.4429514896097382 s 8.421187119750298
12 22 1.1613581391440353 s 8.421187119750298
12 23 1.346011230143845 s 8.421187119750298
13 14 0.44155064034390923 s 8.421187119750298
13 15 0.6742588862806957 s 8.421187119750298
13 16 0.8567065728232337 s 8.421187119750298
13 17 1.0313284271429752 s 8.421187119750298
13 18 0.7318651542070901 s 8.421187119750298
13 19 0.7290124373649778 s 8.421187119750298
13 20 1.160901684188509 s 8.421187119750298
13 21 1.2360865312650844 s 8.421187119750298
13 22 1.0786758112427266 s 8.421187119750298
13 23 1.3376685449130585 s 8.421187119750298
14 15 0.44677208643798444 s 8.421187119750298
14 16 0.8165215324939403 s 8.421187119750298
14 17 1.0274118543700177 s 8.421187119750298
14 18 0.8482768802925655 s 8.421187119750298
14 19 0.9831935101671797 s 8.421187119750298
14 20 1.3517528888670292 s 8.421187119750298
14 21 1.443875156168503 s 8.421187119750298
14 22 1.4035192535571548 s 8.421187119750298
15 16 0.4416157500226324 s 8.421187119750298
15 17 0.645433691304772 s 8.421187119750298
15 18 0.6490513054949072 s 8.421187119750298
15 19 0.816436757370412 s 8.421187119750298
15 20 1.071742416456989 s 8.421187119750298
15 21 1.2141048918188766 s 8.421187119750298
15 22 1.300152491555264 s 8.421187119750298
15 23 1.5178795906101725 s 8.421187119750298
16 17 0.4505321455011017 s 8.421187119750298
16 18 0.6427827606512003 s 8.421187119750298
16 19 0.6166244550984215 s 8.421187119750298
16 20 0.7509880313178108 s 8.421187119750298
16 21 1.0253807295368165 s 8.421187119750298
16 22 1.1566275556761338 s 8.421187119750298
16 23 1.2538871570847518 s 8.421187119750298
17 18 0.4429835911996607 s 8.421187119750298
17 19 0.6167421552478402 s 8.421187119750298
17 20 0.5819280000716786 s 8.421187119750298
17 21 0.7077335053726918 s 8.421187119750298
17 22 0.9796672717287437 s 8.421187119750298
17 23 1.140755615383063 s 8.421187119750298
17 24 1.3426448208621955 s 8.421187119750298
17 43 1.4932552846511367 s 8.421187119750298
18 19 0.44833601675143475 s 8.421187119750298
18 20 0.6536600504277552 s 8.421187119750298
18 21 0.6104683132811548 s 8.421187119750298
18 22 0.7112609467378046 s 8.421187119750298
18 23 1.0164159010854525 s 8.421187119750298
18 24 1.2335297027976608 s 8.421187119750298
18 25 1.4047172467109408 s 8.421187119750298
18 43 1.416948217216807 s 8.421187119750298
19 20 0.44273060300986544 s 8.421187119750298
19 21 0.6241434988518049 s 8.421187119750298
19 22 0.5703434988573783 s 8.421187119750298
19 23 0.7071087977325319 s 8.421187119750298
19 24 1.053680436814704 s 8.421187119750298
19 25 1.2221228699479594 s 8.421187119750298
19 26 1.2786561384381656 s 8.421187119750298
19 27 1.4299679951779276 s 8.421187119750298
20 21 0.4388620595713782 s 8.421187119750298
20 22 0.6326461232533233 s 8.421187119750298
20 23 0.5997089286281619 s 8.421187119750298
20 24 0.8413304723374493 s 8.421187119750298
20 25 1.1560268128717646 s 8.421187119750298
20 26 1.208547786653024 s 8.421187119750298
20 27 1.2186580995552658 s 8.421187119750298
20 28 1.4472462287527093 s 8.421187119750298
20 29 1.2795825088046842 s 8.421187119750298
20 30 1.4814970130954237 s 8.421187119750298
20 31 1.486460445254652 s 8.421187119750298
20 42 1.3400601774104497 s 8.421187119750298
20 43 1.3752406729469455 s 8.421187119750298
21 22 0.4464325158967121 s 8.421187119750298
21 23 0.6407517551918132 s 8.421187119750298
21 24 0.6831783213734216 s 8.421187119750298
21 25 0.9610209887744179 s 8.421187119750298
21 26 1.1720176328778036 s 8.421187119750298
21 27 1.2112352556019355 s 8.421187119750298
21 28 1.305008788317381 s 8.421187119750298
21 29 1.1385566969844763 s 8.421187119750298
21 30 1.2284341117600024 s 8.421187119750298
21 31 1.2720386416625447 s 8.421187119750298
21 32 1.5052472626218631 s 8.421187119750298
21 41 1.4127568614623494 s 8.421187119750298
21 42 0.9812082751547268 s 8.421187119750298
21 43 0.9778009658823039 s 8.421187119750298
21 44 1.2868677951555758 s 8.421187119750298
21 45 1.4498401205488283 s 8.421187119750298
21 46 1.5036113492303333 s 8.421187119750298
22 23 0.4521105206118168 s 8.421187119750298
22 24 0.6266480880427792 s 8.421187119750298
22 25 0.6999525529201697 s 8.421187119750298
22 26 0.8970646783987127 s 8.421187119750298
22 27 1.093229534369978 s 8.421187119750298
22 28 1.221637438041285 s 8.421187119750298
22 29 1.213386634150699 s 8.421187119750298
22 30 1.3658497936142557 s 8.421187119750298
22 42 1.120506640473896 s 8.421187119750298
22 43 1.2182057892333762 s 8.421187119750298
23 24 0.4496344475490967 s 8.421187119750298
23 25 0.6353780401623836 s 8.421187119750298
23 26 0.6131337269196306 s 8.421187119750298
23 27 0.7284724047589886 s 8.421187119750298
23 28 0.9908400784937867 s 8.421187119750298
23 29 0.9969888025267961 s 8.421187119750298
23 30 1.2857248838706707 s 8.421187119750298
23 31 1.462746206536244 s 8.421187119750298
23 42 1.1993634944128706 s 8.421187119750298
23 43 1.4073401260623355 s 8.421187119750298
24 25 0.44410163015136345 s 8.421187119750298
24 26 0.6106507769918351 s 8.421187119750298
24 27 0.5732745528698613 s 8.421187119750298
24 28 0.6354202162226017 s 8.421187119750298
24 29 0.5999816635578897 s 8.421187119750298
24 30 0.8474533101708105 s 8.421187119750298
24 31 1.083846250310149 s 8.421187119750298
24 32 1.3980037306347342 s 8.421187119750298
24 40 1.4431965846113342 s 8.421187119750298
24 41 1.1864644138374998 s 8.421187119750298
24 42 0.7980623360079109 s 8.421187119750298
24 43 1.0941743000309094 s 8.421187119750298
24 44 1.4996188681445295 s 8.421187119750298
25 26 0.44200356060398416 s 8.421187119750298
25 27 0.6694860436953654 s 8.421187119750298
25 28 0.6480286246874339 s 8.421187119750298
25 29 0.8616068679639691 s 8.421187119750298
25 30 1.0556136671652423 s 8.421187119750298
25 31 1.3979845656558096 s 8.421187119750298
25 41 1.2838042424338874 s 8.421187119750298
25 42 0.953748134242526 s 8.421187119750298
25 43 1.2780685515406276 s 8.421187119750298
26 27 0.444485585245351 s 8.421187119750298
26 28 0.6801108369442825 s 8.421187119750298
26 29 0.9525876834312225 s 8.421187119750298
26 30 1.2868439881549985 s 8.421187119750298
26 42 1.307164835293426 s 8.421187119750298
27 28 0.4523177465313069 s 8.421187119750298
27 29 0.6310800484516017 s 8.421187119750298
27 30 1.047612732175869 s 8.421187119750298
27 31 1.3229695779180657 s 8.421187119750298
27 41 1.4966757466029283 s 8.421187119750298
27 42 1.2116565201491274 s 8.421187119750298
28 29 0.44238051957834484 s 8.421187119750298
28 30 0.7356000524318548 s 8.421187119750298
28 31 1.1111736719402165 s 8.421187119750298
28 32 1.4134503917934784 s 8.421187119750298
28 40 1.2114071775255364 s 8.421187119750298
28 41 1.1369870987728656 s 8.421187119750298
28 42 0.9453734105609308 s 8.421187119750298
28 43 1.3786391849835502 s 8.421187119750298
29 30 0.44842479945522645 s 8.421187119750298
29 31 0.7088984996928648 s 8.421187119750298
29 32 1.0778013867118017 s 8.421187119750298
29 33 1.3197142382557798 s 8.421187119750298
29 39 1.476536958521549 s 8.421187119750298
29 40 1.0518998257089685 s 8.421187119750298
29 41 0.966873359525839 s 8.421187119750298
29 42 0.7520952607704363 s 8.421187119750298
29 43 1.141834219292751 s 8.421187119750298
29 44 1.4788982236208434 s 8.421187119750298
30 31 0.4463161674665901 s 8.421187119750298
30 32 0.6778850154364239 s 8.421187119750298
30 33 0.9060190364522835 s 8.421187119750298
30 34 1.25917501467371 s 8.421187119750298
30 38 1.3443604751498799 s 8.421187119750298
30 39 1.0864181434483415 s 8.421187119750298
30 40 0.6428371621966079 s 8.421187119750298
30 41 0.5422048711887204 s 8.421187119750298
30 42 0.46753504621511605 s 8.421187119750298
30 43 0.8480754613749156 s 8.421187119750298
30 44 1.1439855866675437 s 8.421187119750298
30 45 1.458442883845942 s 8.421187119750298
30 46 1.2812897751412502 s 8.421187119750298
30 47 1.205063937474063 s 8.421187119750298
31 32 0.447696982607284 s 8.421187119750298
31 33 0.7812479259983672 s 8.421187119750298
31 34 1.1859731078326718 s 8.421187119750298
31 35 1.4562812565852794 s 8.421187119750298
31 38 1.3528329552917076 s 8.421187119750298
31 39 1.2167596748838987 s 8.421187119750298
31 40 0.8017077059255857 s 8.421187119750298
31 41 0.7294371455885412 s 8.421187119750298
31 42 0.6779551619575966 s 8.421187119750298
31 43 0.8458712853784293 s 8.421187119750298
31 44 0.9842513144745381 s 8.421187119750298
31 45 1.382517018793601 s 8.421187119750298
31 46 1.3275819261738946 s 8.421187119750298
31 47 1.1703208111447982 s 8.421187119750298
32 33 0.4421322928246074 s 8.421187119750298
32 34 0.7809219707016656 s 8.421187119750298
32 35 1.0704426182349551 s 8.421187119750298
32 36 1.3918756777380332 s 8.421187119750298
32 37 1.3748253264728671 s 8.421187119750298
32 38 1.076689170409646 s 8.421187119750298
32 39 0.9671918761012053 s 8.421187119750298
32 40 0.6395584468267459 s 8.421187119750298
32 41 0.5774500768636304 s 8.421187119750298
32 42 0.7410895395485988 s 8.421187119750298
32 43 0.7605010740043044 s 8.421187119750298
32 44 0.7538942010636811 s 8.421187119750298
32 45 1.128256454648361 s 8.421187119750298
32 46 1.0573245417639188 s 8.421187119750298
32 47 0.7910332837078975 s 8.421187119750298
32 48 1.1414052388715878 s 8.421187119750298
32 49 1.432691361901759 s 8.421187119750298
32 50 1.3114845023567037 s 8.421187119750298
32 51 1.3401550977915222 s 8.421187119750298
33 34 0.4380871127524585 s 8.421187119750298
33 35 0.7059494037790963 s 8.421187119750298
33 36 1.0018504959604564 s 8.421187119750298
33 37 0.9679531782168964 s 8.421187119750298
33 38 0.6458637643036745 s 8.421187119750298
33 39 0.6481198425794636 s 8.421187119750298
33 40 0.5124419887780136 s 8.421187119750298
33 41 0.7206662413947205 s 8.421187119750298
33 42 1.0525681198937544 s 8.421187119750298
33 43 1.124321214851737 s 8.421187119750298
33 44 1.0883756273321084 s 8.421187119750298
33 45 1.3924036583142345 s 8.421187119750298
33 46 1.2446339489206208 s 8.421187119750298
33 47 0.8808783451705363 s 8.421187119750298
33 48 1.210285773404627 s 8.421187119750298
33 49 1.473711064223888 s 8.421187119750298
33 50 1.2445506968322817 s 8.421187119750298
33 51 1.1875398590550685 s 8.421187119750298
34 35 0.44326855199406345 s 8.421187119750298
34 36 0.6251572392813245 s 8.421187119750298
34 37 0.6610572690682968 s 8.421187119750298
34 38 0.551005769432989 s 8.421187119750298
34 39 0.6061939576605846 s 8.421187119750298
34 40 0.7301554896157434 s 8.421187119750298
34 41 0.9068355536360252 s 8.421187119750298
34 42 1.3017018900803168 s 8.421187119750298
34 43 1.2971201282881744 s 8.421187119750298
34 44 1.1915344407311865 s 8.421187119750298
34 45 1.3823227253941068 s 8.421187119750298
34 46 1.1994307720272215 s 8.421187119750298
34 47 0.7834713728841594 s 8.421187119750298
34 48 1.021514709122884 s 8.421187119750298
34 49 1.239212007689114 s 8.421187119750298
34 50 0.9612403797254453 s 8.421187119750298
34 51 0.8111614592626861 s 8.421187119750298
34 52 1.2563874233100483 s 8.421187119750298
34 53 1.2976332189054132 s 8.421187119750298
34 54 1.159945190667911 s 8.421187119750298
34 55 1.4068865865181615 s 8.421187119750298
35 36 0.442470291761882 s 8.421187119750298
35 37 0.7139052511339821 s 8.421187119750298
35 38 0.6499965747751933 s 8.421187119750298
35 39 0.9333607029324863 s 8.421187119750298
35 40 1.107094591424334 s 8.421187119750298
35 41 1.3270366567948078 s 8.421187119750298
35 44 1.4859873211172812 s 8.421187119750298
35 47 1.1397144759035385 s 8.421187119750298
35 48 1.253978022159067 s 8.421187119750298
35 49 1.5173851586530893 s 8.421187119750298
35 50 1.279584387261773 s 8.421187119750298
35 51 0.9874893552610328 s 8.421187119750298
35 52 1.3968257326336129 s 8.421187119750298
35 53 1.471722747274733 s 8.421187119750298
35 54 1.208632269356565 s 8.421187119750298
35 55 1.3765095952479711 s 8.421187119750298
36 37 0.4397855696338097 s 8.421187119750298
36 38 0.6698893335501478 s 8.421187119750298
36 39 0.934300948375197 s 8.421187119750298
36 40 1.2546515572414882 s 8.421187119750298
36 41 1.496303837685426 s 8.421187119750298
36 47 1.2881311034478946 s 8.421187119750298
36 48 1.3789536973754954 s 8.421187119750298
36 50 1.2172981093627881 s 8.421187119750298
36 51 0.908670862925153 s 8.421187119750298
36 52 1.2605889644190278 s 8.421187119750298
36 53 1.227335147116533 s 8.421187119750298
36 54 0.8984441857412417 s 8.421187119750298
36 55 1.1327599803947206 s 8.421187119750298
36 56 1.521556272201197 s 8.421187119750298
37 38 0.44832455283010975 s 8.421187119750298
37 39 0.6259309223293789 s 8.421187119750298
37 40 1.0382777150184126 s 8.421187119750298
37 41 1.3385397357938131 s 8.421187119750298
37 47 1.3142479227133657 s 8.421187119750298
37 48 1.5186156725870155 s 8.421187119750298
37 50 1.2039796471105746 s 8.421187119750298
37 51 1.0441204451645485 s 8.421187119750298
37 52 1.4020884663565054 s 8.421187119750298
37 53 1.2511643326057649 s 8.421187119750298
37 54 1.012293993336891 s 8.421187119750298
37 55 1.366630494741992 s 8.421187119750298
38 39 0.4392020196347745 s 8.421187119750298
38 40 0.7474214801026516 s 8.421187119750298
38 41 1.1240202891995472 s 8.421187119750298
38 47 1.2726793219641381 s 8.421187119750298
38 50 1.3594231400299466 s 8.421187119750298
38 51 1.2451976598503522 s 8.421187119750298
38 54 1.3883832389434794 s 8.421187119750298
39 40 0.4468614780450106 s 8.421187119750298
39 41 0.7958853375639923 s 8.421187119750298
39 42 1.2182171721136992 s 8.421187119750298
39 43 1.401621195990485 s 8.421187119750298
39 44 1.4862717703378057 s 8.421187119750298
39 46 1.3578150190526816 s 8.421187119750298
39 47 1.0725225773505056 s 8.421187119750298
39 48 1.4343776369441725 s 8.421187119750298
39 49 1.521922641512456 s 8.421187119750298
39 50 1.1420529384863187 s 8.421187119750298
39 51 1.1788052863105347 s 8.421187119750298
39 53 1.4607597759056574 s 8.421187119750298
39 54 1.3932059268598127 s 8.421187119750298
40 41 0.43796810804806496 s 8.421187119750298
40 42 0.8137400382515078 s 8.421187119750298
40 43 1.0558399625690778 s 8.421187119750298
40 44 1.2114497974355292 s 8.421187119750298
40 45 1.4592847861092981 s 8.421187119750298
40 46 1.186704785726128 s 8.421187119750298
40 47 0.958381874496113 s 8.421187119750298
40 48 1.3849335884458323 s 8.421187119750298
40 49 1.5228647902563663 s 8.421187119750298
40 50 1.2300706766000917 s 8.421187119750298
40 51 1.3354831909604454 s 8.421187119750298
41 42 0.436882779069891 s 8.421187119750298
41 43 0.6460022356303542 s 8.421187119750298
41 44 0.8853294359708139 s 8.421187119750298
41 45 1.100395872623596 s 8.421187119750298
41 46 0.8263319364215685 s 8.421187119750298
41 47 0.7255535944160265 s 8.421187119750298
41 48 1.1754683081486523 s 8.421187119750298
41 49 1.2907595358739261 s 8.421187119750298
41 50 1.0929576434709865 s 8.421187119750298
41 51 1.2980184280804072 s 8.421187119750298
42 43 0.4493515274623711 s 8.421187119750298
42 44 0.8480144246409699 s 8.421187119750298
42 45 1.0787174776184192 s 8.421187119750298
42 46 0.8975648374193106 s 8.421187119750298
42 47 0.9578230370516655 s 8.421187119750298
42 48 1.3655010033191064 s 8.421187119750298
42 49 1.4843584255219844 s 8.421187119750298
42 50 1.392411938424641 s 8.421187119750298
43 44 0.446978815139233 s 8.421187119750298
43 45 0.6562167202818976 s 8.421187119750298
43 46 0.6157927910634834 s 8.421187119750298
43 47 0.7369808242873224 s 8.421187119750298
43 48 1.0501596549881231 s 8.421187119750298
43 49 1.2079041589010346 s 8.421187119750298
43 50 1.2449442163566133 s 8.421187119750298
43 51 1.4682474521378357 s 8.421187119750298
44 45 0.43404931362010635 s 8.421187119750298
44 46 0.6294953010973935 s 8.421187119750298
44 47 0.6011617382318362 s 8.421187119750298
44 48 0.7569547237582613 s 8.421187119750298
44 49 1.0421589607272368 s 8.421187119750298
44 50 1.1693260635490965 s 8.421187119750298
44 51 1.2791086087311587 s 8.421187119750298
45 46 0.44322437312014473 s 8.421187119750298
45 47 0.6291130943055627 s 8.421187119750298
45 48 0.6148099184095157 s 8.421187119750298
45 49 0.76312216152414 s 8.421187119750298
45 50 1.023789578787081 s 8.421187119750298
45 51 1.2023980763432882 s 8.421187119750298
45 52 1.3509681244936473 s 8.421187119750298
45 70 1.5062728642552212 s 8.421187119750298
45 71 1.3113647689745038 s 8.421187119750298
45 72 1.4982755833823336 s 8.421187119750298
46 47 0.44163752961985986 s 8.421187119750298
46 48 0.6450684376018333 s 8.421187119750298
46 49 0.6261404434636523 s 8.421187119750298
46 50 0.7219778804050554 s 8.421187119750298
46 51 1.0265595286373252 s 8.421187119750298
46 52 1.206298558298076 s 8.421187119750298
46 53 1.3522104012791385 s 8.421187119750298
46 70 1.4044710797871767 s 8.421187119750298
46 71 1.2497866265330693 s 8.421187119750298
46 72 1.5183467200893972 s 8.421187119750298
46 73 1.5082146975015462 s 8.421187119750298
47 48 0.4514874317117559 s 8.421187119750298
47 49 0.6433326441723938 s 8.421187119750298
47 50 0.5983789826778998 s 8.421187119750298
47 51 0.7326465090088863 s 8.421187119750298
47 52 1.0446246155523113 s 8.421187119750298
47 53 1.2095927347623259 s 8.421187119750298
47 54 1.3215490568435544 s 8.421187119750298
47 55 1.488941065092298 s 8.421187119750298
47 70 1.4772316033974655 s 8.421187119750298
47 71 1.4470754008479145 s 8.421187119750298
48 49 0.4386908803597798 s 8.421187119750298
48 50 0.6496000630322144 s 8.421187119750298
48 51 0.6381835439407719 s 8.421187119750298
48 52 0.8120870288908388 s 8.421187119750298
48 53 1.1262811762156288 s 8.421187119750298
48 54 1.2406286944621536 s 8.421187119750298
48 55 1.2734421696372764 s 8.421187119750298
48 56 1.423005836706047 s 8.421187119750298
48 57 1.262264373768944 s 8.421187119750298
48 58 1.3944840503225715 s 8.421187119750298
48 59 1.417467231713485 s 8.421187119750298
48 70 1.205214826049362 s 8.421187119750298
48 71 1.2035502667307605 s 8.421187119750298
48 72 1.516949940699418 s 8.421187119750298
49 50 0.4492249978707887 s 8.421187119750298
49 51 0.6488296391949808 s 8.421187119750298
49 52 0.6340585612385903 s 8.421187119750298
49 53 0.8826136838257114 s 8.421187119750298
49 54 1.14424525457825 s 8.421187119750298
49 55 1.209643737670168 s 8.421187119750298
49 56 1.2265547611389862 s 8.421187119750298
49 57 1.1022837645312242 s 8.421187119750298
49 58 1.139364538423021 s 8.421187119750298
49 59 1.2228852723745391 s 8.421187119750298
49 60 1.4110390255692276 s 8.421187119750298
49 69 1.2752503830532476 s 8.421187119750298
49 70 0.841753304361368 s 8.421187119750298
49 71 0.8297720875978598 s 8.421187119750298
49 72 1.1961866918492274 s 8.421187119750298
49 73 1.3163928311961943 s 8.421187119750298
49 74 1.345936012643495 s 8.421187119750298
50 51 0.4490887278619348 s 8.421187119750298
50 52 0.6121325293224664 s 8.421187119750298
50 53 0.6454455150563035 s 8.421187119750298
50 54 0.8801730360778474 s 8.421187119750298
50 55 1.10206596454736 s 8.421187119750298
50 56 1.1761377339835315 s 8.421187119750298
50 57 1.214089584412601 s 8.421187119750298
50 58 1.343455083866694 s 8.421187119750298
50 69 1.4677364839211944 s 8.421187119750298
50 70 1.0524847951483176 s 8.421187119750298
50 71 1.1416189943278858 s 8.421187119750298
51 52 0.44598734468471113 s 8.421187119750298
51 53 0.6146419078947334 s 8.421187119750298
51 54 0.6165088563084196 s 8.421187119750298
51 55 0.76477244573408 s 8.421187119750298
51 56 0.9857096841929639 s 8.421187119750298
51 57 1.0181783896157217 s 8.421187119750298
51 58 1.2850166880165295 s 8.421187119750298
51 59 1.4899672031215816 s 8.421187119750298
51 70 1.152266830660561 s 8.421187119750298
51 71 1.3499185602804162 s 8.421187119750298
52 53 0.4440497196140374 s 8.421187119750298
52 54 0.610326163323758 s 8.421187119750298
52 55 0.5905211306205328 s 8.421187119750298
52 56 0.6246960965043981 s 8.421187119750298
52 57 0.6151579845902804 s 8.421187119750298
52 58 0.8502741997347781 s 8.421187119750298
52 59 1.1080192851148665 s 8.421187119750298
52 60 1.397588367404278 s 8.421187119750298
52 68 1.4503545988511104 s 8.421187119750298
52 69 1.1600739328809992 s 8.421187119750298
52 70 0.7614826719124527 s 8.421187119750298
52 71 1.0552233334960133 s 8.421187119750298
52 72 1.4706414062930575 s 8.421187119750298
53 54 0.44368258702650065 s 8.421187119750298
53 55 0.6768208663287878 s 8.421187119750298
53 56 0.6359824804788318 s 8.421187119750298
53 57 0.8769179607319972 s 8.421187119750298
53 58 1.0746014115873659 s 8.421187119750298
53 59 1.4211584638957917 s 8.421187119750298
53 69 1.2413683703022556 s 8.421187119750298
53 70 0.9187721041386753 s 8.421187119750298
53 71 1.2311065562737706 s 8.421187119750298
54 55 0.44134158176530913 s 8.421187119750298
54 56 0.6691661669566981 s 8.421187119750298
54 57 0.9553323250938426 s 8.421187119750298
54 58 1.2942818660697868 s 8.421187119750298
54 70 1.268753150720957 s 8.421187119750298
55 56 0.4473813758065701 s 8.421187119750298
55 57 0.6359106723158628 s 8.421187119750298
55 58 1.0543907100540084 s 8.421187119750298
55 59 1.3647970712612112 s 8.421187119750298
55 69 1.476290626579706 s 8.421187119750298
55 70 1.1850177438787872 s 8.421187119750298
56 57 0.4452480427897357 s 8.421187119750298
56 58 0.7462759400142668 s 8.421187119750298
56 59 1.139408713364204 s 8.421187119750298
56 60 1.4171230762957459 s 8.421187119750298
56 68 1.2203606980265305 s 8.421187119750298
56 69 1.1012315589709725 s 8.421187119750298
56 70 0.9028197921412611 s 8.421187119750298
56 71 1.3364885084145937 s 8.421187119750298
57 58 0.4480709538452492 s 8.421187119750298
57 59 0.7457626713828197 s 8.421187119750298
57 60 1.1022259223377826 s 8.421187119750298
57 61 1.34208095960127 s 8.421187119750298
57 67 1.5131531344957208 s 8.421187119750298
57 68 1.0801811507618966 s 8.421187119750298
57 69 0.9713521716187842 s 8.421187119750298
57 70 0.7423726737230819 s 8.421187119750298
57 71 1.1392928215432887 s 8.421187119750298
57 72 1.4664698873361361 s 8.421187119750298
58 59 0.43472210203101075 s 8.421187119750298
58 60 0.6774458911704428 s 8.421187119750298
58 61 0.9110355959637728 s 8.421187119750298
58 62 1.3046695189884714 s 8.421187119750298
58 66 1.33866699020249 s 8.421187119750298
58 67 1.1321927388152737 s 8.421187119750298
58 68 0.6842407394418901 s 8.421187119750298
58 69 0.5734973453572003 s 8.421187119750298
58 70 0.47621311407937145 s 8.421187119750298
58 71 0.8459955606345503 s 8.421187119750298
58 72 1.1046653171969487 s 8.421187119750298
58 73 1.4207171055410952 s 8.421187119750298
58 74 1.224617355302661 s 8.421187119750298
58 75 1.1905086225228023 s 8.421187119750298
59 60 0.45222227520053343 s 8.421187119750298
59 61 0.7918090723027956 s 8.421187119750298
59 62 1.2080002730684607 s 8.421187119750298
59 63 1.4699600596335458 s 8.421187119750298
59 66 1.3139259603114712 s 8.421187119750298
59 67 1.2331273531389204 s 8.421187119750298
59 68 0.8294661038157085 s 8.421187119750298
59 69 0.7593704522493958 s 8.421187119750298
59 70 0.6883913833522628 s 8.421187119750298
59 71 0.8482248851526085 s 8.421187119750298
59 72 0.9594090938223577 s 8.421187119750298
59 73 1.3655324819441776 s 8.421187119750298
59 74 1.2828114125347527 s 8.421187119750298
59 75 1.1512195467866908 s 8.421187119750298
59 76 1.5156862517582135 s 8.421187119750298
60 61 0.4420604746014863 s 8.421187119750298
60 62 0.7957181283879214 s 8.421187119750298
60 63 1.0836178327631445 s 8.421187119750298
60 64 1.426310430323959 s 8.421187119750298
60 65 1.3682369657377926 s 8.421187119750298
60 66 1.0317861563780977 s 8.421187119750298
60 67 0.9628417205762038 s 8.421187119750298
60 68 0.6500221044971407 s 8.421187119750298
60 69 0.6011195090162643 s 8.421187119750298
60 70 0.7463897618881336 s 8.421187119750298
60 71 0.7566491152507632 s 8.421187119750298
60 72 0.6983027399125251 s 8.421187119750298
60 73 1.0920486125414937 s 8.421187119750298
60 74 0.9989739405495509 s 8.421187119750298
60 75 0.7549985121064449 s 8.421187119750298
60 76 1.1113913647165432 s 8.421187119750298
60 77 1.3967870327103467 s 8.421187119750298
60 78 1.2885892372853758 s 8.421187119750298
60 79 1.3043652027605093 s 8.421187119750298
61 62 0.438135733705613 s 8.421187119750298
61 63 0.7365894742220723 s 8.421187119750298
61 64 1.0305907189059154 s 8.421187119750298
61 65 0.9372179424291215 s 8.421187119750298
61 66 0.5940147291077785 s 8.421187119750298
61 67 0.6143639189168365 s 8.421187119750298
61 68 0.49853681305679365 s 8.421187119750298
61 69 0.7197779196037295 s 8.421187119750298
61 70 1.0461740001086715 s 8.421187119750298
61 71 1.1074059997609114 s 8.421187119750298
61 72 1.0065008698697524 s 8.421187119750298
61 73 1.3201953187120643 s 8.421187119750298
61 74 1.1429469363260483 s 8.421187119750298
61 75 0.7971512224601989 s 8.421187119750298
61 76 1.1503666063543159 s 8.421187119750298
61 77 1.4016337277183346 s 8.421187119750298
61 78 1.161653432859773 s 8.421187119750298
61 79 1.1050661553734407 s 8.421187119750298
62 63 0.4461237764883937 s 8.421187119750298
62 64 0.6503611747534616 s 8.421187119750298
62 65 0.6522790597829771 s 8.421187119750298
62 66 0.5305356397051667 s 8.421187119750298
62 67 0.6084872489599787 s 8.421187119750298
62 68 0.7600573915831673 s 8.421187119750298
62 69 0.9597658690090317 s 8.421187119750298
62 70 1.3439771780663305 s 8.421187119750298
62 71 1.3214108243100977 s 8.421187119750298
62 72 1.1272320187536171 s 8.421187119750298
62 73 1.332516636657888 s 8.421187119750298
62 74 1.1522978698078317 s 8.421187119750298
62 75 0.7392766045618546 s 8.421187119750298
62 76 0.9804257456017823 s 8.421187119750298
62 77 1.2071736412017087 s 8.421187119750298
62 78 0.9034761164195313 s 8.421187119750298
62 79 0.731860339355523 s 8.421187119750298
62 80 1.1748506857221748 s 8.421187119750298
62 81 1.25802589205589 s 8.421187119750298
62 82 1.17460181664998 s 8.421187119750298
63 64 0.451620665230053 s 8.421187119750298
63 65 0.6878836659093182 s 8.421187119750298
63 66 0.6599927075928421 s 8.421187119750298
63 67 0.954877508271031 s 8.421187119750298
63 68 1.1468218492569218 s 8.421187119750298
63 69 1.3808716850918197 s 8.421187119750298
63 72 1.4248914822752698 s 8.421187119750298
63 75 1.108023753070197 s 8.421187119750298
63 76 1.2344193025558108 s 8.421187119750298
63 77 1.51254369707789 s 8.421187119750298
63 78 1.2301759945679576 s 8.421187119750298
63 79 0.911532010804549 s 8.421187119750298
63 80 1.3101592722328976 s 8.421187119750298
63 81 1.4284638495008681 s 8.421187119750298
63 82 1.2135808740801644 s 8.421187119750298
63 83 1.522404278089819 s 8.421187119750298
64 65 0.43704068186232636 s 8.421187119750298
64 66 0.7089612991772571 s 8.421187119750298
64 67 0.9709333570732142 s 8.421187119750298
64 68 1.3074750822507026 s 8.421187119750298
64 75 1.2953722620727728 s 8.421187119750298
64 76 1.3923999209083675 s 8.421187119750298
64 78 1.2010986961886436 s 8.421187119750298
64 79 0.8718214155684293 s 8.421187119750298
64 80 1.2017493962706824 s 8.421187119750298
64 81 1.202700583814397 s 8.421187119750298
64 82 0.9030210689040828 s 8.421187119750298
64 83 1.2434991482777442 s 8.421187119750298
64 84 1.4867744624257984 s 8.421187119750298
65 66 0.44549054717366227 s 8.421187119750298
65 67 0.6482278359509623 s 8.421187119750298
65 68 1.0588707240057278 s 8.421187119750298
65 69 1.394840092494418 s 8.421187119750298
65 75 1.29464670062196 s 8.421187119750298
65 76 1.5043273445299306 s 8.421187119750298
65 78 1.1881219106383514 s 8.421187119750298
65 79 1.009649656953896 s 8.421187119750298
65 80 1.3636413635611637 s 8.421187119750298
65 81 1.255298930533369 s 8.421187119750298
65 82 1.0415049600990152 s 8.421187119750298
65 83 1.4536297715592743 s 8.421187119750298
66 67 0.44747174738900536 s 8.421187119750298
66 68 0.7354756025796371 s 8.421187119750298
66 69 1.1255528832376636 s 8.421187119750298
66 70 1.5243360095185574 s 8.421187119750298
66 75 1.1877737761382579 s 8.421187119750298
66 76 1.4898120055947546 s 8.421187119750298
66 78 1.2836044609647512 s 8.421187119750298
66 79 1.1647710030698732 s 8.421187119750298
66 82 1.402110649915491 s 8.421187119750298
67 68 0.4498430092174616 s 8.421187119750298
67 69 0.811789719752283 s 8.421187119750298
67 70 1.2419876409859223 s 8.421187119750298
67 71 1.402864534222436 s 8.421187119750298
67 72 1.3964511759629643 s 8.421187119750298
67 74 1.248119252738979 s 8.421187119750298
67 75 0.9886979358389018 s 8.421187119750298
67 76 1.3502566764849309 s 8.421187119750298
67 77 1.4234407389587294 s 8.421187119750298
67 78 1.0481091411235481 s 8.421187119750298
67 79 1.0938435119301118 s 8.421187119750298
67 80 1.48736393372829 s 8.421187119750298
67 81 1.401063373362735 s 8.421187119750298
67 82 1.3865586846874978 s 8.421187119750298
68 69 0.4445595273332254 s 8.421187119750298
68 70 0.8277307226679371 s 8.421187119750298
68 71 1.055493130150674 s 8.421187119750298
68 72 1.1392716918490127 s 8.421187119750298
68 73 1.3807368056725662 s 8.421187119750298
68 74 1.0766040592492274 s 8.421187119750298
68 75 0.8904822122727434 s 8.421187119750298
68 76 1.3198413618909197 s 8.421187119750298
68 77 1.4354676501882846 s 8.421187119750298
68 78 1.1692170207803316 s 8.421187119750298
68 79 1.283240974816307 s 8.421187119750298
69 70 0.4437764609256188 s 8.421187119750298
69 71 0.6476112904527879 s 8.421187119750298
69 72 0.8317257106718128 s 8.421187119750298
69 73 1.032059955444435 s 8.421187119750298
69 74 0.729427656725797 s 8.421187119750298
69 75 0.6990421522285369 s 8.421187119750298
69 76 1.132228861646916 s 8.421187119750298
69 77 1.222548446396703 s 8.421187119750298
69 78 1.0862732914038127 s 8.421187119750298
69 79 1.2983548892811705 s 8.421187119750298
70 71 0.44798398678464363 s 8.421187119750298
70 72 0.8208698681539135 s 8.421187119750298
70 73 1.0381956622039799 s 8.421187119750298
70 74 0.8485966351879006 s 8.421187119750298
70 75 0.9606956326807574 s 8.421187119750298
70 76 1.3374081264517474 s 8.421187119750298
70 77 1.4410447587446902 s 8.421187119750298
70 78 1.4227448566062897 s 8.421187119750298
71 72 0.4386027126268098 s 8.421187119750298
71 73 0.6356550187993308 s 8.421187119750298
71 74 0.6116331071210483 s 8.421187119750298
71 75 0.7621604123289475 s 8.421187119750298
71 76 1.0330894925203962 s 8.421187119750298
71 77 1.185613591849964 s 8.421187119750298
71 78 1.2869124524982058 s 8.421187119750298
71 79 1.491558326219506 s 8.421187119750298
72 73 0.44685718933015345 s 8.421187119750298
72 74 0.6087767066563479 s 8.421187119750298
72 75 0.5630802884086878 s 8.421187119750298
72 76 0.7144486536407529 s 8.421187119750298
72 77 1.0026048719325258 s 8.421187119750298
72 78 1.13579898342218 s 8.421187119750298
72 79 1.229670617346836 s 8.421187119750298
72 80 1.5005593067630816 s 8.421187119750298
73 74 0.4357397490296489 s 8.421187119750298
73 75 0.6158170340541432 s 8.421187119750298
73 76 0.5762324919083388 s 8.421187119750298
73 77 0.7123543357332885 s 8.421187119750298
73 78 0.999987602982785 s 8.421187119750298
73 79 1.1841192417176352 s 8.421187119750298
73 80 1.3320991941065934 s 8.421187119750298
74 75 0.44105143123134705 s 8.421187119750298
74 76 0.6325246192500085 s 8.421187119750298
74 77 0.6084934794535496 s 8.421187119750298
74 78 0.7431611176722737 s 8.421187119750298
74 79 1.045946964944398 s 8.421187119750298
74 80 1.2389186139564012 s 8.421187119750298
74 81 1.3854067292639898 s 8.421187119750298
75 76 0.4407315067964796 s 8.421187119750298
75 77 0.6436954457654915 s 8.421187119750298
75 78 0.6013677431654002 s 8.421187119750298
75 79 0.7300185814307438 s 8.421187119750298
75 80 1.042180532665703 s 8.421187119750298
75 81 1.22454507831721 s 8.421187119750298
75 82 1.3790741720480033 s 8.421187119750298
76 77 0.44293467141626547 s 8.421187119750298
76 78 0.6211319260363608 s 8.421187119750298
76 79 0.6448283858151045 s 8.421187119750298
76 80 0.8054323129800386 s 8.421187119750298
76 81 1.120684055814417 s 8.421187119750298
76 82 1.2950059035968255 s 8.421187119750298
76 83 1.454738158533725 s 8.421187119750298
77 78 0.4517307683353132 s 8.421187119750298
77 79 0.7161273875644841 s 8.421187119750298
77 80 0.7089517092953358 s 8.421187119750298
77 81 0.9197231657734025 s 8.421187119750298
77 82 1.2299581240588735 s 8.421187119750298
77 83 1.3719842001429667 s 8.421187119750298
77 84 1.4528615365545647 s 8.421187119750298
78 79 0.45169715666528787 s 8.421187119750298
78 80 0.6085814953604902 s 8.421187119750298
78 81 0.6552827138178366 s 8.421187119750298
78 82 0.9163418801730545 s 8.421187119750298
78 83 1.1797613696287887 s 8.421187119750298
78 84 1.2356862040881118 s 8.421187119750298
79 80 0.44374996237083164 s 8.421187119750298
79 81 0.6377565016076517 s 8.421187119750298
79 82 0.6779230188330833 s 8.421187119750298
79 83 0.9329831714642612 s 8.421187119750298
79 84 1.1437199355886984 s 8.421187119750298
80 81 0.44430168679109117 s 8.421187119750298
80 82 0.6194051436490714 s 8.421187119750298
80 83 0.6734497608327362 s 8.421187119750298
80 84 0.8660363232271389 s 8.421187119750298
81 82 0.4404398767456749 s 8.421187119750298
81 83 0.6210396882761203 s 8.421187119750298
81 84 0.5806803749327146 s 8.421187119750298
82 83 0.43551279140313687 s 8.421187119750298
82 84 0.5940170787711213 s 8.421187119750298
83 84 0.4582958958170864 s 8.421187119750298