t = 1000
b = 9 9 9
E = -0.211332554148985 -0.211332554148985 0
-2.16569109318079 -0.374879866959406 1.18322977788775 0.222658767264263 -0.120443386529754 -0.967427756476732 0 -0.992339007247077 0.123544801995028 0 0 0 0 0 0
-2.38109049321822 -0.766980228634965 1.4668127684426 0.223337451544406 -0.0780229149970935 -0.971613507251215 0 -0.99679123734861 0.0800447476296661 0 0 0 0 0 0
-1.84279847127281 -0.824634840741076 1.45902324334818 0.167656461563936 -0.066396122105443 -0.983607068836545 0 -0.997729484111517 0.0673494231122464 0 0 0 0 0 0
-1.64309562339314 -0.755798274369853 1.8131428146881 0.130751478026452 -0.0803823291765906 -0.988151168673116 0 -0.996707702347199 0.0810783705599392 0 0 0 0 0 0
-1.25354969737877 -0.710633189151626 1.8883854152897 0.0796797100160008 -0.0746054764525269 -0.994024731430289 0 -0.997195304493639 0.0748434404654327 0 0 0 0 0 0
-1.16963459346926 -0.972776253486087 2.2986566191703 0.0656027756675092 -0.0450055323304032 -0.996830365651235 0 -0.998982344914514 0.0451026912609947 0 0 0 0 0 0
-0.862046120900609 -0.767679713891949 2.42497875398887 0.0201696787424916 -0.0644253286974233 -0.997718678326538 0 -0.997921686186421 0.0644384374508076 0 0 0 0 0 0
-0.998904723808473 -0.552997524363388 2.80708996270464 0.0283420833216696 -0.0910256296572058 -0.995445157232932 0 -0.995845223418278 0.0910622125630154 0 0 0 0 0 0
-0.672292124404778 -0.283663771745585 2.62028761127079 0.000835913340323093 -0.13148723567508 -0.991317511246227 0 -0.991317865769123 0.131487282698597 0 0 0 0 0 0
-0.851413429990602 -0.138320495786646 2.29893520323728 0.0221011222062527 -0.141007790694682 -0.989761760910488 0 -0.990003579020645 0.141042241649255 0 0 0 0 0 0
-1.29961753046139 -0.0511133338242882 2.21851618545157 0.0723593797492169 -0.161475004265838 -0.984220474873215 0 -0.986807244681379 0.161899399689903 0 0 0 0 0 0
-1.35629478061923 -0.180950476091597 1.81480338113582 0.0933681789596719 -0.150879165060059 -0.984133050308003 0 -0.988450964719627 0.151541152096286 0 0 0 0 0 0
-1.69032985907423 -0.348984079147613 1.59079607255489 0.135926255290353 -0.137698188089364 -0.981103084349269 0 -0.990294042212174 0.138988142493459 0 0 0 0 0 0
-1.69031640683501 -0.397013720802875 1.10237831775861 0.168081109954249 -0.119175620577239 -0.978542749161516 0 -0.992665192608809 0.120895577077188 0 0 0 0 0 0
-1.96872655566845 -0.544979884427576 0.786222829124446 0.210189291433469 -0.102635458550017 -0.972258414422279 0 -0.994474257713728 0.104980651175218 0 0 0 0 0 0
-1.75615266464271 -0.849823891442936 0.684071375176774 0.19525271388246 -0.0487476237631941 -0.979540732639014 0 -0.998763998299958 0.049704284870502 0 0 0 0 0 0
-1.58007025231128 -1.23203119910386 0.874725026754144 0.155875753745835 -0.00787347922200867 -0.987745289899733 0 -0.999968204572604 0.00797091007355846 0 0 0 0 0 0
-1.22746975175433 -1.21934777614969 0.71238612268411 0.110481094729032 -0.0048470350525539 -0.993866406494693 0 -0.999988088219999 0.00487689017765848 0 0 0 0 0 0
-1.16354317391332 -0.757581789683726 0.74159146201017 0.0935447088833605 -0.0644758295470116 -0.993525165682356 0 -0.997900896150815 0.0647597970413169 0 0 0 0 0 0
-1.17310186934941 -0.882944120346588 1.17218336163862 0.0835435952573911 -0.0519956001811648 -0.995146685294821 0 -0.998637795221972 0.0521780078187955 0 0 0 0 0 0
-0.841706070229645 -1.28915334405997 1.06636211863216 0.046606650589671 -0.00639038091705017 -0.998892878717507 0 -0.999979508729521 0.00639733259309133 0 0 0 0 0 0
-0.575988515932076 -0.874069362436746 0.907820917237144 0.0104100160064273 -0.0318084878794525 -0.999439768903344 0 -0.999493922105829 0.031810211376494 0 0 0 0 0 0
-0.589587589784406 -0.577025473609561 1.20447007146874 0.00910943264552395 -0.0805127073929254 -0.996711955474167 0 -0.996753305618357 0.0805160475876944 0 0 0 0 0 0
-0.510592008194213 -0.976977951244264 1.49172330443746 -0.0105797574761282 -0.0430265138343771 -0.99901791167076 0 -0.999073828595538 0.0430289221098539 0 0 0 0 0 0
-0.0834697063846068 -1.09597452790483 1.33387376015229 -0.0681703024846087 -0.0444924626704034 -0.996681107789588 0 -0.999005103032078 0.0445962072590834 0 0 0 0 0 0
0.0135424184420226 -0.618252684322226 1.52238221123862 -0.0828361510048983 -0.0877200568204829 -0.992695000349103 0 -0.996118464089415 0.0880225731358843 0 0 0 0 0 0
-0.0867822038372019 -0.827369891562887 1.8495426409712 -0.0744359811882415 -0.058993181047988 -0.995479326402303 0 -0.998248706482677 0.0591572975053961 0 0 0 0 0 0
0.102288175052567 -1.21130753187235 1.82722828622755 -0.0982228051405759 -0.0144861078395346 -0.995059009923521 0 -0.999894043583084 0.0145564964479505 0 0 0 0 0 0
0.486070853839575 -1.17861863894481 1.55111907111978 -0.00742772628913485 -0.0334492553108512 -0.999412815707965 0 -0.999440397215166 0.0334501784337707 0 0 0 0 0 0
0.414322767611954 -1.37113042352315 1.23217143390892 -0.139242347101551 0.00106207693417402 -0.990257764809869 0 -0.999999423122926 -0.00107252511338814 0 0 0 0 0 0
0.631091224814974 -1.28416611406741 0.850606071083348 -0.164761555839365 0.000777668779405187 -0.986333120679145 0 -0.999999686582417 -0.000788444106119695 0 0 0 0 0 0
0.465570115447961 -1.6023483642171 0.592875069866894 -0.165452962255356 0.0454878502047365 -0.985168093659493 0 -0.998935748204899 -0.0461235396994153 0 0 0 0 0 0
0.677524043354519 -1.43330858611187 0.163947432491415 -0.209383560546938 0.0190373256783271 -0.977648252084411 0 -0.999810482099112 -0.0194688812911442 0 0 0 0 0 0
1.07028579669304 -1.47894686203207 0.105594176382816 -0.25970642443521 0.0111249975347758 -0.965623533027717 0 -0.999933622911952 -0.0115202858146537 0 0 0 0 0 0
1.23910453901728 -1.22892166542396 -0.217389091601703 -0.309440347018467 -0.0156267562060768 -0.950790448062856 0 -0.999864967216047 0.016433322519716 0 0 0 0 0 0
1.41245003541678 -1.46488472344278 -0.549203512281967 -0.357889516882379 0.0113907955243836 -0.933694459383271 0 -0.999925610878744 -0.0121987959322769 0 0 0 0 0 0
1.69257454390827 -1.26504259261174 -0.654255663420823 -0.413540633415553 -0.0202742734448664 -0.910259907032352 0 -0.999752024833478 0.0222675367463069 0 0 0 0 0 0
1.81469688636349 -0.985577737242986 -0.301174827865511 -0.408498391678485 -0.0486122612875063 -0.911463609832343 0 -0.998580790567373 0.0532585939625993 0 0 0 0 0 0
1.7413534982903 -1.40497481495806 -0.0125401016279163 -0.358076751460573 -0.0113209423213227 -0.933623519588276 0 -0.999926487890346 0.0121249195821047 0 0 0 0 0 0
1.46837291545755 -0.969673880842389 0.291668621629002 -0.326223350657198 -0.0407994421439584 -0.94441184395725 0 -0.999068153927144 0.0431606439551037 0 0 0 0 0 0
1.08177057393377 -1.05532395902201 0.517033431126809 -0.255519873226388 -0.0418659170671822 -0.965896909289234 0 -0.999061981490197 0.0433034267526769 0 0 0 0 0 0
0.766389873203136 -0.875777676517092 0.454962626373442 -0.191170358023413 -0.057614043456793 -0.979864539724629 0 -0.998275848620184 0.0586965910006638 0 0 0 0 0 0
0.366195207755166 -0.948953480923787 0.687126604016894 -0.136042583334185 -0.0547024761235447 -0.989191616738493 0 -0.998474446934153 0.055215818319884 0 0 0 0 0 0
0.138042599740979 -0.894884409329952 0.329079936735802 -0.11550945416332 -0.0563482320315711 -0.99170683306399 0 -0.998389655668861 0.056727946304187 0 0 0 0 0 0
0.111689458832368 -1.02339862631385 -0.130136236825994 -0.117767071763257 -0.04958859187358 -0.991802343395247 0 -0.998752444601237 0.0499360862452953 0 0 0 0 0 0
-0.0125865878153197 -0.654346039926736 -0.234928072315492 -0.10414625853021 -0.113573879215656 -0.988055935053308 0 -0.993458391356871 0.114194874341459 0 0 0 0 0 0
0.311340708432174 -0.3980449561437 -0.138084524407855 -0.155018189814645 -0.144053948307999 -0.97735245474878 0 -0.989311608038255 0.145816632016828 0 0 0 0 0 0
0.645428584553307 -0.773245273780775 -0.195813655179576 -0.199494985636281 -0.109681104648955 -0.973741139106778 0 -0.993715952662973 0.111931045139309 0 0 0 0 0 0
0.462400287996605 -0.652457154174304 -0.618027313608449 -0.207677685703931 -0.119987682077654 -0.970810452668435 0 -0.992448533541666 0.122662048800274 0 0 0 0 0 0
0.561266806647498 -0.234771140537962 -0.672753708727097 -0.215010553514523 -0.193875387161 -0.957174381254822 0 -0.980097154768595 0.198518388140571 0 0 0 0 0 0
0.882202735975392 -0.273603134323407 -0.418562068512299 -0.25728672822191 -0.190637038924903 -0.947344213509963 0 -0.980347496477345 0.197278392774937 0 0 0 0 0 0
1.0969805943759 -0.616567147346402 -0.743373510430304 -0.317155334508953 -0.151552802201699 -0.936186008193525 0 -0.987148938618803 0.159802845298652 0 0 0 0 0 0
1.04411942162976 -0.208809961935311 -0.98760484140433 -0.340248972699238 -0.208679870709862 -0.91688786017573 0 -0.975064713131101 0.221920680933597 0 0 0 0 0 0
1.34598029406716 0.0405962639999107 -0.81046245035327 -0.361473162070721 -0.241138405312596 -0.900660547923518 0 -0.965977508937586 0.258626045750617 0 0 0 0 0 0
1.64087703492777 -0.315382933943587 -0.937819938403349 -0.417917589088883 -0.190783931123866 -0.888226536619493 0 -0.977700897017025 0.210002305612431 0 0 0 0 0 0
1.57521524799657 -0.333002086056569 -1.37375102641638 -0.43365050063914 -0.193849356892771 -0.879982766949264 0 -0.976585485134178 0.215129744983961 0 0 0 0 0 0
1.42536160360767 0.0527745811676592 -1.43029644272391 -0.215867821853473 -0.297238802182438 -0.930080737337026 0 -0.952539125797779 0.304416140898359 0 0 0 0 0 0
1.04104851902897 -0.0246848092720917 -1.66546049208832 -0.36640077346055 -0.291219735943114 -0.883708967140615 0 -0.949757869255462 0.312985661772129 0 0 0 0 0 0
0.706522635178007 0.30088128520469 -1.59471637891747 -0.277919997335321 -0.341570617425276 -0.897825143551266 0 -0.934646232460846 0.355578915325432 0 0 0 0 0 0
0.309983889057828 0.204942876439086 -1.73266107361417 -0.213896872855003 -0.36490858398232 -0.906140084710344 0 -0.927608439517443 0.373554031949223 0 0 0 0 0 0
0.139552710970123 0.607408240204409 -1.71135658796371 -0.17199452256372 -0.447112970616602 -0.877785780082177 0 -0.891064526003629 0.453876693235175 0 0 0 0 0 0
0.229280865016768 0.932589522637313 -1.98334809799045 -0.170349218074551 -0.511501786476628 -0.842227443350433 0 -0.854720249038167 0.519088920424628 0 0 0 0 0 0
0.0404034908764743 1.26383160055989 -1.98871305109044 -0.130937992528929 -0.569994358600264 -0.81114836699359 0 -0.818192525257586 0.57494429209572 0 0 0 0 0 0
-0.271345408325135 1.38239866654071 -2.2381845973656 -0.0887799459336131 -0.636851619378769 -0.765857777981437 0 -0.768893946500799 0.63937635555545 0 0 0 0 0 0
-0.161730694334011 1.84338056156443 -2.36895696718739 -0.10699834858215 -0.682955660534815 -0.722580735381277 0 -0.72675285035129 0.686898983952742 0 0 0 0 0 0
0.279115217673103 1.77594335945885 -2.47572324070178 -0.187609036522387 -0.674640992430734 -0.713906422962573 0 -0.726811856865325 0.686836617033424 0 0 0 0 0 0
0.441377533463749 1.37267955583401 -2.4359943333418 0.0082783349346064 -0.630257233021366 -0.776342250167387 0 -0.776368858401648 0.630278834360334 0 0 0 0 0 0
0.647928578382583 1.35172448932164 -2.00362119732561 -0.250824273155908 -0.575309820011911 -0.778527966738301 0 -0.804237295326636 0.594308275860259 0 0 0 0 0 0
0.637624580515568 0.878382684889495 -1.90044069020053 -0.255503936681839 -0.488782527592389 -0.834151892079901 0 -0.862789585835197 0.505563169668532 0 0 0 0 0 0
0.589481649219842 0.818427995001278 -1.44506469726021 -0.245172327845578 -0.412340432702395 -0.877420023260002 0 -0.905042367714889 0.425321455659296 0 0 0 0 0 0
0.618434969903523 0.396423643844098 -1.1637074437434 -0.235475904342045 -0.348916290111209 -0.907087934529683 0 -0.933333076277981 0.359011626124036 0 0 0 0 0 0
0.195317257793385 0.445755576258463 -1.00004058486778 -0.153246250583112 -0.35493293651413 -0.922246277986349 0 -0.933270037221267 0.359175507430455 0 0 0 0 0 0
-0.184152841611761 0.625755079260026 -1.0692875256992 -0.0889229094506147 -0.395190619405976 -0.914285016014349 0 -0.917921364718645 0.396762395024799 0 0 0 0 0 0
-0.0977210675865193 0.874247151118421 -0.734318996350517 -0.0657578443142952 -0.408592324711622 -0.910345109339249 0 -0.91231970113013 0.409478585363671 0 0 0 0 0 0
0.238587369612031 1.0871604002679 -0.852420180231531 -0.126921305380977 -0.441457381648649 -0.888260301053868 0 -0.895502424205806 0.44505665172797 0 0 0 0 0 0
0.081677223605444 1.16702754047644 -1.24863837595777 -0.127017751980116 -0.481929631556428 -0.866954624481468 0 -0.874033911063136 0.48586492168309 0 0 0 0 0 0
-0.234713614049124 1.37588742921504 -1.04889723805756 -0.0588354284003145 -0.497718164975679 -0.865340985171854 0 -0.866842607771794 0.49858185323006 0 0 0 0 0 0
-0.0119715172834161 1.6508810302045 -0.805638874313198 -0.0687518867068128 -0.511481879248179 -0.856539237440413 0 -0.858570774891062 0.512695010588345 0 0 0 0 0 0
0.189609832356852 1.78151508129636 -1.22803571052384 -0.11607370565008 -0.545661269125789 -0.829928113894626 0 -0.835576111353317 0.549374715398703 0 0 0 0 0 0
-0.21296653879409 1.8325893119263 -1.50362307927175 -0.0760470410985249 -0.593783921234508 -0.801022785208718 0 -0.803349101410035 0.595508377993487 0 0 0 0 0 0
-0.312696012158717 2.10427298665613 -1.1796447722169 -0.0425908761091344 -0.611711007767476 -0.789933959422151 0 -0.790651413206775 0.61226659139872 0 0 0 0 0 0
0.110931900722487 2.4242437834056 -1.3720332197973 -0.0937241553187143 -0.635708180849087 -0.766218566409963 0 -0.76960622139695 0.638518814894686 0 0 0 0 0 0
-0.156765986282805 2.44634160096387 -1.60896572105716 -0.0706822430865205 -0.681829157409524 -0.728088607669751 0 -0.729914218094011 0.683538776821528 0 0 0 0 0 0
-0.267820519336053 2.72057628668999 -1.38052732787223 -0.0308428455605973 -0.694260753898565 -0.719062392615495 0 -0.719404659651536 0.69459121558439 0 0 0 0 0 0
0.0181121324439188 2.94262042940404 -1.52316504774555 -0.0754103213886439 -0.695605055702599 -0.71445565986214 0 -0.716495833808323 0.697591400539942 0 0 0 0 0 0
-1.72064495888956 -1.16424445740156 -0.836481788312994 0.721323515260719 -0.237757651671888 0.65051032689988 0.142596822502984 0.970090902112382 0.196442836089378 0 0 0 0 0 0
-1.72940398114343 -0.690536859127893 -0.527910656344779 0.886664187263268 -0.35440526621845 0.297024454046123 0.273938423953972 0.920066940050439 0.280061717676365 0 0 0 0 0 0
-1.59272327030429 -0.363473336458818 -0.0840026868889038 0.90546754029192 -0.155324409927562 -0.394971975155649 0.335448352790805 0.832032568421592 0.441810148927912 0 0 0 0 0 0
-1.16192680471197 -0.160072008347939 0.301408566238931 0.549997310589126 -0.0456139907863932 -0.833919853576632 0.445664077174292 0.860489601304508 0.246862667009807 0 0 0 0 0 0
-0.745683831977122 0.0517606412428087 0.529842255810371 0.315689660431167 0.0620204848223676 -0.946833405493941 0.728710931509285 0.623252880918766 0.283789049692423 0 0 0 0 0 0
-0.262175311172847 0.10131758118119 0.594090149053507 -0.128758363173354 0.561319035675262 -0.817522002212486 0.84477634901757 0.493862645169489 0.206040306364411 0 0 0 0 0 0
0.304125543994129 0.180690558622725 0.438668319043865 -0.447345319701768 0.819114120052196 -0.359074119468446 0.85532168828113 0.509148786577164 0.0958766013317357 0 0 0 0 0 0
0.703545840342919 0.404817856086121 0.223481818574719 -0.57638551768498 0.795802610673464 0.185682362782031 0.807701558424399 0.589303485487616 -0.0184280902684367 0 0 0 0 0 0
0.874656856305791 0.807542730525451 -0.0842564546441501 -0.190106328163813 0.516593291841723 0.834859841420225 0.835545356505578 0.531626883882609 -0.138696840465932 0 0 0 0 0 0
1.08137171459279 1.29570710478191 -0.19818125955012 -0.112180388176366 0.0809299660238803 0.990386743200842 0.685563702442595 0.72778556413075 0.0181819288328379 0 0 0 0 0 0
1.08215374137317 1.67998742072856 -0.149139068634203 0.67722671211568 -0.260819938399802 0.68799486926147 0.50563453068242 0.844257164610957 -0.177661367169783 0 0 0 0 0 0
0.957787138988692 1.4051798456907 0.98221335799119 0.111556242811851 -0.0038190753112949 -0.993750783322192 -0.890687841690273 -0.443864900970131 -0.0982808137527299 0 0 0 0 0 0
0.463585247678077 1.45161033570446 0.772708805080516 0.406225052481805 -0.51127249405995 -0.757351730409242 -0.868465481224049 -0.473764930619433 -0.145994857571911 0 0 0 0 0 0
0.0150106535668417 1.38544639646231 0.421177341985304 0.588319274227152 -0.767448918070768 -0.254759866786053 -0.803404994968028 -0.518998989474852 -0.291856922111686 0 0 0 0 0 0
-0.31065376481641 1.13711975629873 0.0609031176048056 0.52504084989836 -0.781109802977929 0.337934285963693 -0.709124166297199 -0.621065725817276 -0.333796765994465 0 0 0 0 0 0
-0.473811221257767 0.787745319780646 -0.368514917836697 0.318051749914039 -0.585300415270431 0.745832761589946 -0.552043702123137 -0.75389556590638 -0.356215140965233 0 0 0 0 0 0
-0.506982445711765 0.319535152520282 -0.638574561185061 -0.11504968725197 -0.222505262831581 0.968119299195855 -0.41092800348427 -0.876631015063017 -0.250312283721791 0 0 0 0 0 0
-0.513752490631276 -0.178590930650671 -0.753297589358986 -0.54066955171532 0.0628818491437826 0.838881582165336 -0.408470250469106 -0.891381317613481 -0.19644694217871 0 0 0 0 0 0
-0.56375573848703 -0.656320484805054 -0.550978568487857 -0.825995893235619 0.287625591860725 0.484770361371918 -0.305337102697568 -0.951221636610416 0.0441208766963715 0 0 0 0 0 0
-0.632500750761947 -1.10919083145373 -0.239175790212851 -0.91648897144027 0.353362324223601 -0.187571407862847 -0.360866868067624 -0.932595897065409 0.00632426342190744 0 0 0 0 0 0
-0.905106292166936 -1.45663649256542 -0.0352715296917872 -0.575485551397161 0.234095743596525 -0.78359145156331 -0.347109504438164 -0.937487386191193 -0.0251474185772223 0 0 0 0 0 0
-1.33591457688411 -1.76118874790083 0.0620871968359076 0.116389119677156 0.14489816471239 -0.982577271609597 -0.39718624328334 -0.899960253973409 -0.17976270306876 0 0 0 0 0 0
