332.225092891
352.745796489
348.198442661
343.933159108
357.723364775
347.83586761
350.58730101
333.576858761
332.377090456
350.428730065
340.158301588
345.833143314
361.220817262
335.635702443
339.462970832
356.85598882
340.523724706
345.587124797
363.182707926
303.171193172
349.234250178
345.642083775
331.792902059
348.337952152
357.439353186
339.51571714
331.630101935
325.424603816
339.789147297
354.505560293
343.246776596
337.138813256
339.196358678
354.724605236
344.3442939
361.630983242
348.120232651
344.07390991
347.850513686
358.55814682
348.893739726
334.455433638
337.237587956
335.624697814
338.105278817
354.292518421
351.578449591
345.144032753
328.085783199
344.742952347
355.797675634
338.460656561
339.362727065
351.092570995
331.630101935
356.631881373
345.405879894
348.892692254
343.931531109
358.134012986
342.636829917
350.897885626
332.378506963
337.879300649
343.644319126
372.330510284
346.233622449
355.471936957
344.479829713
346.682611665
353.923179186
338.922003621
361.4574912
354.041999764
364.466863723
336.381443834
353.824070444
350.776618057
350.586781742
339.599348292
349.530695925
347.845401082
336.738276366
346.211785983
358.588010147
334.170227476
352.877268191
348.11136804
352.745796489
353.738816385
355.995957753
330.460370827
344.06421139
348.941604068
364.108187737
326.057085738
345.801642376
345.07053294
352.988507585
343.727001901
357.004594668
351.476352592
343.8842134
345.114986227
331.792902059
347.792093939
350.281150872
356.037659596
340.395326868
346.595094015
347.195702344
343.055791429
358.078707833
344.05810171
339.073213945
343.880544696
343.692042576
328.786139708
360.893110057
337.093499351
346.884568403
347.386413039
335.722876348
337.237587956
364.735817311
330.869006927
343.384349134
353.604402798
340.386276872
342.803509147
336.213513279
342.391914025
354.048629757
330.422952099
332.196460977
325.676110239
350.742100774
352.790376801
354.645856934
352.629729216
363.060818311
346.884568403
354.239374541
339.676700446
368.822385491
324.26924232
346.915626959
333.860084869
348.15890668
327.423939819
347.011743477
353.656467518
337.945077231
344.957682803
340.250078275
344.914369345
347.217748798
357.157667814
335.73152955
342.112659866
349.772502115
343.897489578
344.07390991
340.293005155
343.927868925
355.776119274
334.245922305
352.065732566
334.26535979
357.296572065
355.00284858
322.561627388
343.8842134
358.468542904
317.159511118
351.055753972
343.492503948
337.244805623
339.296380345
359.191536103
331.412842532
344.33802451
364.829334843
350.505152368
343.468163372
349.367940663
355.797675634
342.591516817
347.148727159
370.479582925
357.825744061
350.267987393
332.346312723
349.269128327
351.46456649
350.100869168
349.703463509
342.543114772
348.941820389
350.421957661
343.055791429
351.159679972
329.99928867
350.67677613
353.363451086
344.699408989
344.961613064
339.561133295
327.404001553
344.957514704
345.363564686
340.924457203
340.717247133
332.486998659
357.804083406
335.713637362
352.100016045
347.234171239
363.213277451
352.544318434
337.445650784
331.453260173
347.590815462
342.087639872
343.835989208
334.329066527
339.234148811
343.344189782
358.952526956
340.395326868
357.91284597
344.07390991
350.505152368
344.703812092
350.520348001
337.939682479
350.58730101
359.664184901
337.363381403
364.527107167
342.057075273
327.324713428
322.86961739
344.402892193
354.514431351
344.917804086
348.225895268
333.153585074
353.927609774
326.4099109
355.451421188
344.995917905
353.80558001
336.360497909
340.888195735
354.768669701
353.56735225
345.833143314
349.629745161
344.818784917
364.735817311
345.450900801
353.33660639
341.710487278
350.126584932
331.773118985
329.143641818
335.825156722
352.820963478
348.151389273
314.998479077
340.80362161
358.412464371
338.581849792
356.85598882
340.649798971
349.863014393
343.8842134
340.337629996
340.011152888
339.196358678
348.677449693
360.108372375
350.46773732
350.150679676
342.81997882
336.8754696
346.889785877
344.222940925
332.937713985
345.142362495
347.278979298
343.502238591
357.858655876
334.894718951
335.722876348
339.657278608
344.921317524
360.879688905
325.340053913
332.226594621
335.757809248
336.248636607
345.832094108
353.183587643
360.199908109
337.307726901
342.149814313
355.00284858
337.367658767
344.91835216
340.300653545
359.996424791
348.130550944
349.138625599
360.598203096
334.26535979
328.112118413
339.584467047
335.825156722
348.478838076
332.937713985
354.837680816
351.935248336
352.745796489
351.695435091
345.144032753
351.771102299
340.105335585
351.848403352
350.407293241
357.000184303
350.721727687
325.676110239
354.617666916
342.544511459
340.158301588
345.996550596
337.814093844
345.415086217
335.776335535
351.202794325
345.363564686
349.338066735
361.042340605
355.201383855
348.15890668
350.653065251
348.845131237
354.292518421
334.097438874
361.511980591
340.80362161
348.495888454
351.404779797
345.892867048
353.56735225
350.759197588
336.70397408
350.841778474
336.493642997
356.78614862
346.986102477
349.853665901
353.975563083
333.756483867
360.811709322
340.649798971
346.986102477
346.140710307
351.854726228
347.846284663
359.468185599
345.801642376
353.473583018
340.848204473
335.688038625
353.055725799
358.614989059
339.362727065
356.573685072
332.196460977
344.387961591
337.237587956
343.977316807
338.939556457
336.578598522
353.489344783
359.625623618
356.120363753
341.455364207
358.286029197
333.359951248
333.562031896
347.569384343
349.863014393
344.07390991
342.112659866
334.700317968
349.38978254
332.765324077
342.573311101
341.275101787
352.127833481
362.005233231
340.901905316
345.001104325
353.834380796
346.617609439
341.483870121
353.694828788
346.251884312
355.379116924
342.878678099
351.714265217
347.212779107
351.771102299
335.688038625
340.022882784
354.182309201
324.284552699
336.76179638
352.679614448
344.149650962
356.191817465
343.425830782
352.440312613
345.801642376
349.202332285
352.912679689
345.106786062
339.942779045
360.199908109
344.614236755
346.844068177
348.499946516
350.742100774
346.398089767
340.80362161
352.745796489
347.234171239
338.244363177
339.362727065
339.362727065
344.821029708
337.780066037
347.234171239
355.257692909
348.088035297
349.872764333
323.835633846
355.653637547
351.551280393
331.61060414
314.442348603
356.414874435
350.40635381
345.397335606
346.967577726
347.46433998
354.821747811
339.196358678
344.795351786
344.120709302
341.131661814
330.036427198
345.221745249
354.945757913
364.735817311
353.618454164
345.462988579
356.666650158
354.347956298
358.396486668
341.348581751
351.090878256
346.864517892
343.471406629
351.501134878
358.469536738
323.855741362
341.170775169
361.288023994
349.202332285
347.856503207
348.495627614
348.048673109
349.265784179
341.965545056
348.135899217
344.539073085
352.059622142
341.752192523
347.089710232
347.072063682
345.113928573
347.234171239
349.259283803
348.666002654
351.428188112
360.063246231
348.337952152
348.205507763
349.837479009
349.475354543
335.825156722
350.978304505
357.749535742
339.073213945
350.692664507
358.339297026
346.993265242
336.360497909
324.981184253
348.138728798
333.137275015
335.800088801
344.539073085
345.106786062
352.406957486
351.99689666
344.244706324
348.202934148
344.702809544
336.360497909
319.4149215
336.84779991
351.404779797
344.309133584
347.610049166
347.656065657
336.467545024
332.378506963
347.569384343
334.019726639
348.514968869
335.713637362
346.967577726
344.068293926
353.56735225
350.475610031
335.825156722
323.170492639
347.839704624
343.412120319
348.666002654
363.631141395
356.66681002
330.369598692
337.244805623
349.475354543
339.196358678
358.150662048
355.607040352
351.476829496
341.468785354
337.783778129
354.76357239
350.742100774
327.060250246
352.90118494
342.112659866
356.176246429
342.50004209
359.075601873
337.003482783
323.986167953
348.15890668
349.012756768
336.875296643
322.404236815
333.423677778
341.131661814
360.540916137
354.906524246
342.741899057
338.318341619
345.953027577
343.190202333
357.669403643
351.695435091
351.580636381
366.701241646
342.00635395
358.626033116
344.365929967
349.334071449
341.573466668
367.721915089
349.558273026
340.695353239
348.986488147
352.310578507
365.366044609
348.162274918
342.354752224
351.381804156
342.28896328
335.677635133
344.149650962
334.478968978
341.573466668
326.989147905
351.891847716
344.620163143
364.466863723
340.07355985
363.31633234
345.450900801
343.816246959
354.188618712
342.925003249
342.567602364
354.88037437
347.195702344
332.316976689
350.213545413
340.656373576
341.387443442
353.144805487
341.468785354
344.06421139
344.657772939
354.697792379
345.598028315
353.649695439
333.298054086
328.859480395
343.227010486
347.881679454
351.45204144
339.695224098
355.3373056
342.720470158
359.459163637
366.094661461
333.330426403
340.971025215
332.225092891
344.699408989
336.615302
350.163091173
340.571153014
361.288023994
304.524653884
317.841310257
344.433781683
334.097438874
339.971317984
335.599250596
347.217748798
356.563334566
342.025761192
345.517096961
331.792902059
351.8038434
352.709288572
363.913279156
352.814523814
359.515175476
348.154585767
350.848842512
332.196460977
350.708842689
336.621321099
344.149650962
355.667948852
348.679615792
348.048673109
362.180244073
358.078707833
360.580184972
327.126548065
326.032727858
352.030391907
340.98053818
336.669938751
340.484156152
353.025793988
357.044038128
342.636829917
323.557648485
346.112650619
353.875778816
348.942957655
349.338066735
345.142362495
318.673980905
341.251718389
353.927609774
351.744276287
350.184802674
332.937713985
357.004594668
355.110697832
345.077768442
360.09642766
360.256421906
348.198442661
352.460775508
314.998479077
342.716558631
343.715820543
347.555833482
353.516370346
356.156217794
353.908495865
345.221745249
333.756483867
354.837680816
337.402320499
358.702185492
324.709406895
359.918705839
346.499331863
367.09712818
364.873199355
330.09473683
343.8842134
354.937556303
344.917804086
341.387443442
361.182098706
345.554082089
336.897446603
347.234171239
342.360515779
341.773908529
347.887435901
328.050985177
351.341396919
345.967853148
348.151389273
340.462958085
340.887616273
341.74499009
345.460670558
351.771102299
352.806782037
361.113514857
347.195702344
357.296720863
337.814093844
342.525006869
337.129262545
341.876707028
327.79729575
332.225092891
353.473583018
332.036895366
352.745796489
336.738276366
351.8038434
354.837680816
342.549388099
341.801497345
353.834380796
358.078707833
354.401542772
348.39876386
363.916426467
352.039752154
350.745880733
354.239374541
346.858172821
350.82264522
349.113157705
360.602231435
339.527390975
343.695072999
357.004594668
338.045537966
348.668378131
362.181401451
331.583827335
361.008068116
349.140871929
355.262081448
340.656373576
351.99689666
353.738816385
339.17271119
358.049722818
332.347119573
340.571153014
343.8842134
325.699385775
357.942875271
330.019580683
348.666002654
333.756483867
333.308435394
332.194374283
333.674113183
335.612395949
334.26535979
347.504653682
333.121579087
339.094235777
346.879064361
339.695224098
349.094733533
358.076112075
315.258179962
340.386276872
352.709288572
354.837680816
340.14646033
341.795316327
356.754377222
347.849901054
349.012756768
342.81997882
334.019726639
347.281589499
353.967357229
355.970511464
356.85598882
340.755394444
335.968524709
351.854726228
338.260067166
336.875296643
340.061140025
335.129406811
327.352124818
336.248636607
338.654044716
340.571153014
332.226594621
333.258972994
363.479585382
354.711491623
347.846284663
334.775913583
342.741899057
331.263320551
343.488735096
344.446755551
348.127917285
341.683381617
336.458216914
353.473583018
332.194374283
351.381804156
358.078707833
337.367658767
361.621464505
355.607040352
335.462467541
344.481349129
358.958865703
345.847196431
346.993265242
338.181264685
347.212779107
351.697452419
337.183315775
361.113514857
357.582443534
344.661887448
353.718412618
314.44406995
340.901905316
336.882625119
354.890341013
332.523972573
347.523099788
346.904231289
353.738816385
322.579998034
340.695353239
349.837479009
353.015976941
348.420571829
365.458685464
323.835633846
350.776618057
336.760500823
346.589651991
314.550548696
353.345937276
355.207667725
327.725035527
351.035107491
344.448532106
349.138625599
360.705375368
345.363564686
353.569032721
345.832094108
348.408291903
347.536660999
356.794053804
340.346847466
348.202934148
361.949691818
343.193035906
331.746472197
348.2514057
350.520348001
340.368212059
344.957514704
336.928356539
357.034640919
349.442642468
358.994086937
334.227584162
349.065783318
335.184045731
358.380589488
353.055725799
349.25302247
346.259927152
345.188918603
347.217748798
358.263844152
363.958484652
348.449499838
332.347119573
351.381804156
343.193035906
344.525555079
354.943946648
348.202934148
339.196358678
355.546662319
338.428306703
335.612395949
338.951727032
335.78945002
335.669288483
340.026362648
361.560087395
351.660671778
323.855741362
354.248465806
357.644099515
347.577296043
340.563396623
340.022882784
337.371391853
350.586781742
346.251884312
351.054744564
350.878823924
353.43158474
332.378506963
336.361935459
331.597818866
350.692664507
339.136095146
344.320695146
318.01933417
338.244363177
350.692664507
336.248636607
327.427177574
348.151389273
347.779110774
339.196358678
345.609178203
341.139554618
350.472069
335.782323699
352.709288572
334.892382988
336.248636607
350.776618057
355.3373056
337.337123421
351.905733521
342.340375178
345.847196431
339.073213945
339.136095146
340.119158086
336.592968186
340.424568923
335.688038625
332.907355577
355.423944198
351.551280393
343.504572519
325.951147849
347.846284663
347.011743477
346.639723057
345.460670558
348.772309204
341.092574292
358.049722818
351.090878256
346.967577726
339.132289113
355.995957753
338.774576002
320.207953263
350.461247664
356.051621298
