4 269.205 272.174789016 257.389875375
5 290.4926447 298.823754762 282.360172964
6 304.358909 315.409369942 298.129741013
7 314.099238 326.726567107 308.992705048
8 321.3166602 334.941564958 316.930758641
9 326.8789976 341.17614838 322.985055149
10 331.2969992 346.069419047 327.755014821
11 334.903 350.012193199 331.610128379
12 337.8715189 353.256899013 334.79055714
13 340.394 355.973849105 337.459164917
14 342.5294804 358.282119773 339.730300454
15 344.3838535 360.2674705 341.686610369
16 346.011 361.993234483 343.389313437
17 347.435 363.507199442 344.884722381
18 348.699 364.846101514 346.208520362
19 349.828 366.038645429 347.388645071
20 350.8348812 367.10758559 348.447282126
