t = 0
b = 200 200 200
E = 0 0 0
5.918004512786865 0.9982608556747437 -3.2998902797698975 -0.12278199131855871 -0.87377488157632 0.4705762838628156 0.4142134810266765 0.3857712679567427 0.8243832367017238 0 0 0 0 0 0
5.8627448081970215 1.2307087182998657 -2.7929978370666504 0.2866101662102632 -0.9088517494726223 0.3030562820755889 0.33057013319567263 0.39071555655019913 0.859106943813553 0 0 0 0 0 0
5.80121374130249 1.244156002998352 -2.2998948097229004 0.7195615990857712 -0.692310354652094 -0.0541985051696033 0.2527008177771019 0.18835131368895439 0.9490342877506741 0 0 0 0 0 0
5.730977535247803 1.0247074365615845 -1.8329144716262817 0.9617559727524411 -0.13764984018888893 -0.23680787649691734 0.2642273660033751 0.23842690831736277 0.9345247500441829 0 0 0 0 0 0
5.871678829193115 0.9913562536239624 -1.4145580530166626 0.916663698246711 0.2543038934243429 -0.30831346727946096 0.32255345926817475 -0.015243154038028481 0.9464285034640003 0 0 0 0 0 0
6.206777095794678 0.8532627820968628 -1.046469807624817 0.48965912734880696 0.7915619053171348 -0.3656004500198437 0.4537679414584829 0.12670177232684762 0.8820665032715882 0 0 0 0 0 0
6.730306148529053 0.8758448362350464 -0.7231284379959106 -0.15679361549203874 0.9559573031392422 -0.24811569219959048 0.4074291152484394 0.29145778852316095 0.8654789850464669 0 0 0 0 0 0
7.073117733001709 1.1246572732925415 -0.42501315474510193 -0.6815983816326083 0.7187142045603993 -0.13738099693524536 0.28588609815095334 0.4343917722062538 0.854150412470505 0 0 0 0 0 0
7.318700313568115 1.5544978380203247 -0.11936412006616592 -0.9621659496151395 0.2560804047860376 -0.09305649727888797 0.06813238601264712 0.5568178725355223 0.8278356327201909 0 0 0 0 0 0
7.3209052085876465 2.1181275844573975 0.0701533779501915 -0.9510059182091447 -0.2185736950636923 0.2186624873118053 0.08199324044960618 0.5036234388979134 0.8600235696265615 0 0 0 0 0 0
7.119809627532959 2.5451509952545166 0.3642388880252838 -0.4058574531242961 -0.8061204158048008 0.43063859902028634 0.07055869640823574 0.44214760111784557 0.8941627196360319 0 0 0 0 0 0
6.749471187591553 2.6943204402923584 0.7941070795059204 0.23978720009636162 -0.9405008835724163 0.24074921945761685 -0.04039461126140082 0.2381037357383837 0.970399343779903 0 0 0 0 0 0
6.5601935386657715 2.5937464237213135 1.2135568857192993 0.7518193942013491 -0.6213126778432722 0.22076719605489137 -0.1541470319475556 0.15992214780364608 0.9750197942522131 0 0 0 0 0 0
6.433957576751709 2.339449167251587 1.700304627418518 0.9908984832899946 -0.10493277170482936 0.08431671978872331 -0.09417717994809424 -0.09285947228312323 0.9912153031427251 0 0 0 0 0 0
6.3404364585876465 2.07928729057312 2.1598594188690186 0.9640776147325523 0.2550223387952229 -0.07428296902390863 0.1558754951778166 -0.3167396255636023 0.935616823064282 0 0 0 0 0 0
6.478185176849365 1.6586552858352661 2.484020948410034 0.6534101913592708 0.7527711697030555 0.07994177813718292 0.19016471402617052 -0.2654399154610785 0.9451873003904361 0 0 0 0 0 0
6.9180426597595215 1.516111969947815 2.7853891849517822 -0.017633447361396434 0.9857647822227269 0.16720303724374416 0.173514106094266 -0.16167457495855328 0.9714701162662076 0 0 0 0 0 0
7.282254695892334 1.5959404706954956 3.176738977432251 -0.6961011911764348 0.7087701584692488 0.11440277140971909 0.02414700584260138 -0.1361444673852031 0.9903946718905735 0 0 0 0 0 0
7.379025936126709 1.770605206489563 3.7188003063201904 -0.9695063620761349 0.19645116188561954 -0.14650718374089478 -0.1931079271130462 -0.24432457678145655 0.9502709243508741 0 0 0 0 0 0
7.26154088973999 1.9951521158218384 4.175064563751221 -0.9065515238794822 -0.35978104227118884 -0.2207304604581018 -0.23693317368686642 0.0009641002667285026 0.9715254714712039 0 0 0 0 0 0
6.983663082122803 2.07098650932312 4.6727447509765625 -0.5453962845518379 -0.7217856316926088 -0.42610843065955917 -0.41879468654138435 -0.20570302687286537 0.8844757064272851 0 0 0 0 0 0
6.533872127532959 2.095325231552124 4.938414573669434 0.012264253923417989 -0.948660843001164 -0.31605726226749264 -0.6384887296489269 -0.2506829131563243 0.727660785780544 0 0 0 0 0 0
6.0686163902282715 1.9108988046646118 5.040353775024414 0.5338788034543739 -0.8406335118600791 0.09115219119646142 -0.6903933083053907 -0.37112758030942855 0.6209842179804623 0 0 0 0 0 0
5.671781063079834 1.561444640159607 5.073217391967773 0.6907572181217441 -0.5115176594286908 0.5110813533140326 -0.7223927957549017 -0.45721967828681004 0.5187473512498382 0 0 0 0 0 0
5.436429500579834 1.093086838722229 5.0964860916137695 0.6322791946463022 -0.09126667183663635 0.769346095479328 -0.6144432488139869 -0.6639294025651047 0.42621267273094565 0 0 0 0 0 0
5.383054256439209 0.6255937814712524 5.241939544677734 0.18462672741882144 0.47831275693270336 0.85856268150791 -0.5756739818747796 -0.655402518031924 0.4889243356081282 0 0 0 0 0 0
5.361363887786865 0.15358507633209229 5.622264862060547 -0.13568281626862855 0.8719753897393989 0.4703712289864643 -0.7550913270788209 -0.3983788247582431 0.5207027940721906 0 0 0 0 0 0
5.133214473724365 0.03889692202210426 6.1136579513549805 -0.28936983702298713 0.9333825517398484 -0.21227837744080053 -0.8237862005336002 -0.12989277011543945 0.5518189595167537 0 0 0 0 0 0
4.87689733505249 0.12305009365081787 6.577615737915039 -0.41262382401274283 0.6590878032543388 -0.6287645405543089 -0.890925682128602 -0.14824361178199388 0.4292729440455278 0 0 0 0 0 0
4.728414058685303 0.3887592554092407 6.898138999938965 -0.6331932628138105 0.07930278882565912 -0.769920359265602 -0.7693590510033149 -0.17318393484437208 0.6148934666680881 0 0 0 0 0 0
4.311986446380615 0.6042436361312866 7.113152503967285 -0.3558410296215159 -0.5236955089612902 -0.7740285366391052 -0.8716362654294696 -0.11276135202440529 0.47700639228190195 0 0 0 0 0 0
3.754209041595459 0.7194725275039673 7.2338056564331055 0.036151405430096366 -0.8337252474443738 -0.5509948163633179 -0.8443506856059411 -0.3204130247398351 0.4294268427728376 0 0 0 0 0 0
3.2403922080993652 0.5672842264175415 7.170052528381348 0.29568684397267225 -0.9355387976832751 -0.19322641726951476 -0.860763260335581 -0.34864892922488117 0.3708510938460402 0 0 0 0 0 0
2.7444891929626465 0.2253655195236206 7.195993423461914 0.6487346608941759 -0.7220132175454231 0.24050000716054895 -0.7500545696684408 -0.5531817427119894 0.36250255454219416 0 0 0 0 0 0
2.473325252532959 -0.21292197704315186 7.1850786209106445 0.6205902690373247 -0.42687403740577984 0.6577585226852403 -0.7346800347974325 -0.609719978437208 0.29746729965590196 0 0 0 0 0 0
2.212308406829834 -0.6804207563400269 7.294295310974121 0.5415828153915163 0.29741499057264353 0.7862775447990824 -0.6487701972088151 -0.4469223445189322 0.6159201646182209 0 0 0 0 0 0
2.1806159019470215 -1.1048829555511475 7.632808685302734 0.11707837090294697 0.8291559666726672 0.5466196465530915 -0.6852451629787472 -0.3309477599902013 0.6487778100179588 0 0 0 0 0 0
2.0009589195251465 -1.2937425374984741 8.175094604492188 -0.04768253100836836 0.9935341802392247 0.10303498887760429 -0.6373948249854292 -0.10968562010110015 0.7626905675467813 0 0 0 0 0 0
1.9472861289978027 -1.2055931091308594 8.708528518676758 -0.5382984744956392 0.7539522463429054 -0.37655114206459983 -0.7280055284596215 -0.19091889578074486 0.6584511567049515 0 0 0 0 0 0
1.8189444541931152 -0.9816458225250244 9.179891586303711 -0.7185858664713941 0.29680317592740085 -0.6289214794129423 -0.6372502222079676 0.08110474467670505 0.7663773056966278 0 0 0 0 0 0
1.4030203819274902 -0.8417567014694214 9.490233421325684 -0.5719519066097322 -0.2092573194712717 -0.7931471432043303 -0.8166265748186131 0.05401010497644678 0.5746337493225171 0 0 0 0 0 0
0.9618353843688965 -0.5722908973693848 9.652029037475586 -0.35162711355553355 -0.7392444303161033 -0.5743483657670001 -0.8535951935518 0.001283566850982682 0.5209353107645943 0 0 0 0 0 0
0.4485831558704376 -0.4520304203033447 9.615721702575684 0.008476377621317498 -0.9992889852261438 0.03673792356849204 -0.8479916130732026 0.012287059936974683 0.5298672025287213 0 0 0 0 0 0
-0.07348868995904922 -0.5088224411010742 9.585978507995605 0.307031703443003 -0.8593518244390959 0.4089571798050322 -0.8321699025455428 -0.03392330474161717 0.5534821249984042 0 0 0 0 0 0
-0.5788369178771973 -0.8122254610061646 9.777435302734375 0.6889973814138559 -0.3268431667548959 0.6468818692392614 -0.7020258769180494 -0.07915243506583479 0.7077390480682781 0 0 0 0 0 0
-0.8740487098693848 -1.09746253490448 10.075335502624512 0.7291998935735493 0.34421397597603687 0.5914256115143246 -0.6251055053488633 -0.016561530274380728 0.78036454487471 0 0 0 0 0 0
-1.0205864906311035 -1.355697512626648 10.476515769958496 0.5002120420949241 0.7628184989653535 0.4097509616577741 -0.586754748463978 -0.04939852381473766 0.8082565502363087 0 0 0 0 0 0
-1.044771671295166 -1.4473350048065186 11.036892890930176 0.060509458269333176 0.9968709434376077 -0.05086184807658483 -0.41883049894295943 0.07160927751487213 0.9052365019866299 0 0 0 0 0 0
-0.9186654090881348 -1.1933059692382812 11.526618957519531 -0.3677480948430317 0.8997001107695437 -0.23516175161065508 -0.07136982220915968 0.22482996909665354 0.971780753809125 0 0 0 0 0 0
-0.7357888221740723 -0.8495876789093018 11.919754028320312 -0.9068147046517293 0.34143390901390985 -0.24720432278355917 -0.16676065712242624 0.248025270287571 0.9542925906318639 0 0 0 0 0 0
-0.8118767738342285 -0.4852370023727417 12.306193351745605 -0.9381224559484709 -0.2508026055178111 -0.23879763547968105 -0.2975118498932083 0.2307740465477389 0.9264070588100586 0 0 0 0 0 0
-1.0648903846740723 -0.16253602504730225 12.62069320678711 -0.7437182043397401 -0.6656519089251938 -0.06156921859109646 -0.34238352464054334 0.3001882325119637 0.8903148584158651 0 0 0 0 0 0
-1.4094033241271973 0.08230197429656982 12.988914489746094 -0.38574994078534747 -0.9192973486887919 -0.07803440188698013 -0.4395718087862141 0.10876732464650173 0.8915976076738086 0 0 0 0 0 0
-1.939486026763916 0.14689719676971436 13.216947555541992 0.19642611622301281 -0.9553016496213017 0.2209423886364113 -0.567501787221752 0.07299202231870185 0.8201304080315175 0 0 0 0 0 0
-2.3936104774475098 0.05109107866883278 13.534088134765625 0.6626359941364302 -0.6774960336999374 0.31923762872769007 -0.4488846543923669 -0.01806351495551836 0.8934071168725362 0 0 0 0 0 0
-2.740480899810791 -0.18903124332427979 13.793188095092773 0.8591509549543418 -0.22529842263529873 0.45945648037555076 -0.49310191837165274 -0.12449683417032786 0.8610174425525664 0 0 0 0 0 0
-2.8264565467834473 -0.5802016258239746 14.186162948608398 0.7563475934099864 0.537756081720696 0.372500623509983 -0.36159711164685915 -0.13084881111020683 0.9231067746906065 0 0 0 0 0 0
-2.8365426063537598 -0.8453158140182495 14.599824905395508 0.20418339407828573 0.9702169777127213 0.1303386272010897 -0.36764460419496514 -0.04739773063296557 0.9287577187497137 0 0 0 0 0 0
-2.6395516395568848 -0.8743160963058472 15.11256217956543 -0.27761165107006475 0.9604139443500398 -0.023169520671588187 -0.23731778259125158 -0.04518773427717694 0.9703805123439294 0 0 0 0 0 0
-2.6030449867248535 -0.6916234493255615 15.610668182373047 -0.6296551699707901 0.7159916103320917 -0.30148031588001506 -0.20826839181332596 0.21829076635670588 0.9534009745615395 0 0 0 0 0 0
-2.565340518951416 -0.32211291790008545 15.995174407958984 -0.9380939722236067 0.03512023808415061 -0.34459580402936923 -0.3318795925643511 0.19370841460776494 0.923218818130061 0 0 0 0 0 0
-2.7201409339904785 -0.002726194215938449 16.34156036376953 -0.824535245504636 -0.48614642700690563 -0.2894879624941747 -0.3850522564406225 0.10723493016731894 0.9166435673488336 0 0 0 0 0 0
-3.062746524810791 0.14979350566864014 16.758028030395508 -0.3981131947894118 -0.8885015469124361 -0.2281904583210616 -0.449265353478726 -0.028031625463844474 0.8929584929533345 0 0 0 0 0 0
-3.425142765045166 0.1487647294998169 17.023725509643555 0.22614066181196876 -0.97289461725177 0.048336992022433835 -0.47305536924251645 -0.06630869168275527 0.8785338781391119 0 0 0 0 0 0
-3.815035343170166 -0.045067187398672104 17.404346466064453 0.5603498320280869 -0.8275634290947925 0.03386497557895587 -0.4052798807089502 -0.23830162709380537 0.8825874193625151 0 0 0 0 0 0
-4.1619744300842285 -0.3698939085006714 17.664169311523438 0.8840103291229775 -0.33451711218660674 0.32653336683747675 -0.4065445767689457 -0.2053451842836134 0.8902555039938186 0 0 0 0 0 0
-4.3054375648498535 -0.6640992164611816 18.073490142822266 0.9856028181604854 0.11355937468439672 0.12526513184201646 -0.05961386913785935 -0.45989588584215263 0.8859695033080293 0 0 0 0 0 0
-4.2503228187561035 -1.0867723226547241 18.360797882080078 0.6870000446160072 0.6400792351096484 0.3439905688809677 0.04774783769860573 -0.512128024728226 0.8575809176299769 0 0 0 0 0 0
-3.8723855018615723 -1.4290838241577148 18.645151138305664 0.07966813318649181 0.9172361492609189 0.39029583016422387 0.14828670749949335 -0.3980890409232327 0.9052823691400272 0 0 0 0 0 0
-3.5108590126037598 -1.515785574913025 19.01099395751953 -0.3779497766799523 0.8465104634772944 0.37493199587529275 0.33497815347563564 -0.2525005529472489 0.9077626933595516 0 0 0 0 0 0
-3.174196720123291 -1.3785631656646729 19.419906616210938 -0.8538196314627428 0.442526526741527 0.2741574548665546 0.1671223011918885 -0.2657574748274803 0.9494435744253837 0 0 0 0 0 0
-3.0477471351623535 -1.2977654933929443 19.933740615844727 -0.9993672317601396 0.02925395949971232 0.020232200514633963 0.014101200932771405 -0.19635039907081714 0.9804323928333787 0 0 0 0 0 0
-3.1562981605529785 -1.119117259979248 20.472702026367188 -0.8127189374681171 -0.5575877902905882 -0.16906739721056185 -0.04274170987411507 -0.2323316536741335 0.9716970458625876 0 0 0 0 0 0
-3.4385628700256348 -0.9856213331222534 20.877660751342773 -0.46316310481168244 -0.869447303899521 -0.17187589733018566 -0.22493606294485732 -0.07226205649134175 0.9716902607202098 0 0 0 0 0 0
-3.6628365516662598 -1.0190012454986572 21.35161590576172 0.09322290293978105 -0.9557853927888356 -0.27889742433190645 -0.3545933877280397 -0.29362188160553576 0.8877216455747695 0 0 0 0 0 0
-4.0418877601623535 -1.2471426725387573 21.558238983154297 0.7376535797953083 -0.6709958988677791 0.07504465282608556 -0.3922016998074112 -0.3353644172997252 0.8565678807178059 0 0 0 0 0 0
-4.26183557510376 -1.6826006174087524 21.836772918701172 0.9569207791160911 -0.23536587746353096 0.17001625281623986 -0.26137547796275334 -0.44331834232496903 0.8574098826570543 0 0 0 0 0 0
-4.321596622467041 -2.1174275875091553 22.179283142089844 0.9619889357713386 0.21586234208751243 0.1672744353510756 -0.032454333141791976 -0.5178199366715716 0.8548738090769722 0 0 0 0 0 0
-4.1533379554748535 -2.5764412879943848 22.4766845703125 0.6009447564588053 0.7441782938937546 0.2916574473282788 0.05336477031104059 -0.40143690866226195 0.9143306894408263 0 0 0 0 0 0
-3.8226113319396973 -2.798018217086792 22.828683853149414 -0.10599197981672547 0.9260578732231823 0.3621912694363117 -0.08245895548047785 -0.3711741893917673 0.9248947193007607 0 0 0 0 0 0
-3.6115517616271973 -2.8680484294891357 23.364715576171875 -0.5942619656974581 0.8014459510401135 0.06735802614983094 -0.23651831767885775 -0.25419225663427836 0.937787493022559 0 0 0 0 0 0
-3.508577823638916 -2.8477187156677246 23.857872009277344 -0.9012892870632838 0.4173056904653339 -0.11633392338526517 -0.2211360512363824 -0.2122503086872954 0.9518658798936581 0 0 0 0 0 0
-3.6376442909240723 -2.663395881652832 24.440561294555664 -0.9323556614609144 -0.09830959434324152 -0.34791973816075444 -0.3302774919939878 -0.1598588610388156 0.9302483124572353 0 0 0 0 0 0
-3.9640679359436035 -2.479874610900879 24.78937339782715 -0.6476042260795926 -0.6236449558764435 -0.4378078749562654 -0.5626150373489328 0.0038671735240518356 0.826709964085225 0 0 0 0 0 0
-4.422434329986572 -2.413327217102051 25.092578887939453 -0.16864173261028909 -0.9129305700345438 -0.3716419517742886 -0.6159705554809097 -0.19674254544962624 0.762805771864989 0 0 0 0 0 0
-4.965494632720947 -2.38409686088562 25.145963668823242 0.32912500290811064 -0.9437515513139969 0.031776435501172075 -0.670559066141987 -0.2098936043996192 0.7115442457408553 0 0 0 0 0 0
-5.33751916885376 -2.610813856124878 25.375356674194336 0.7379610328804066 -0.6009175300115647 0.30710199620791123 -0.6243731848642138 -0.4352991750132914 0.6485929033340297 0 0 0 0 0 0
-5.61071252822876 -3.069228172302246 25.5952091217041 0.8634255573660812 -0.08697925242357395 0.4969214389970595 -0.5007282899320014 -0.2676098364802823 0.8231987336486679 0 0 0 0 0 0
-5.6536736488342285 -3.5133724212646484 25.842952728271484 0.6469825444165263 0.4853048576443469 0.5881265020105094 -0.3672510914671218 -0.47762351605346764 0.798124309070292 0 0 0 0 0 0
-5.699198246002197 -3.7702715396881104 26.278602600097656 0.2793705438127149 0.8063936160544078 0.5212306929148399 -0.15871945675386573 -0.49659338070766673 0.85334819873548 0 0 0 0 0 0
-5.518465518951416 -4.020466327667236 26.76759910583496 -0.33577076549037826 0.9191338020258166 0.20603651864553643 -0.34991759624588226 -0.32479572340395874 0.8786725293850963 0 0 0 0 0 0
-5.4843316078186035 -4.1186041831970215 27.25470542907715 -0.638896488249447 0.7643368986815334 -0.08718017329886193 -0.37178528415201423 -0.2075659206485033 0.9048160537221615 0 0 0 0 0 0
-5.607553958892822 -3.953869342803955 27.766422271728516 -0.8027999575383118 0.3234167898111929 -0.5009129747218648 -0.5599695098795996 -0.12038645872067498 0.8197202257855397 0 0 0 0 0 0
-5.94133996963501 -3.721850633621216 28.095325469970703 -0.7217513645766942 -0.21695194015965674 -0.6572722597163528 -0.6721568331913856 -0.006908753875189181 0.7403765668320547 0 0 0 0 0 0
-6.351953983306885 -3.596048593521118 28.386030197143555 -0.4253081096147269 -0.721029651666602 -0.5470185127703504 -0.7837465010409586 -0.008840909302047834 0.6210179227919015 0 0 0 0 0 0
-6.850161075592041 -3.522442579269409 28.5152530670166 -0.036448236262839925 -0.9147452299876578 -0.4023837599706963 -0.8520307124220446 -0.18196772165056652 0.4908476478163923 0 0 0 0 0 0
-7.3489251136779785 -3.5630877017974854 28.491113662719727 0.2703787650340244 -0.9620994610454344 0.035495781083960634 -0.8912273075651217 -0.23617564744969533 0.3872143460693847 0 0 0 0 0 0
-7.765963077545166 -3.710125684738159 28.47126579284668 0.516444363595712 -0.691397081572907 0.5052279633023955 -0.8383134025799642 -0.2878522351667367 0.4630029479002445 0 0 0 0 0 0
-8.14195442199707 -4.061111927032471 28.415220260620117 0.4329222536864393 -0.12671404052098267 0.8924807416397852 -0.8545411504931002 -0.3728517073173013 0.361581286109365 0 0 0 0 0 0
-8.43968391418457 -4.4943461418151855 28.63664436340332 0.4367715976844489 0.40051284358316286 0.8054936583121575 -0.6809093539175719 -0.43796365895502914 0.5869840587122258 0 0 0 0 0 0
-8.614084243774414 -4.9088029861450195 29.139856338500977 0.19289493111338632 0.8965813904710136 0.398664465198274 -0.713581350789581 -0.15069388138387285 0.6841732309282352 0 0 0 0 0 0
-8.717966079711914 -5.0092878341674805 29.67583656311035 -0.285539549859186 0.9566554820377853 -0.05724905373249703 -0.7192163573371938 -0.17442295292821072 0.672535846502193 0 0 0 0 0 0
-8.816713333129883 -4.866507530212402 30.096445083618164 -0.574424957207066 0.7386609849066453 -0.3527264066020652 -0.5796995215787804 -0.06286841872753281 0.8124013950062081 0 0 0 0 0 0
-9.019067764282227 -4.742988586425781 30.558942794799805 -0.6565259976169145 0.4593753177281106 -0.5982874993807846 -0.5737084583256228 0.21085610607082778 0.7914532881846441 0 0 0 0 0 0
-9.330881118774414 -4.365159034729004 30.94011878967285 -0.5843570843352002 -0.2921475477364306 -0.7570842808689491 -0.785646525413071 -0.029927200286412763 0.6179513733210615 0 0 0 0 0 0
-9.690034866333008 -3.9931516647338867 31.02642250061035 -0.36746501134730003 -0.8334731876960054 -0.41266440460425935 -0.7462094351779897 -0.0006111360856634226 0.6657109773498036 0 0 0 0 0 0
-10.23155403137207 -3.902629852294922 31.109296798706055 0.09562970067703284 -0.9947801530836665 -0.03560066543279617 -0.7926318592875223 -0.0977343627965441 0.6018161928455888 0 0 0 0 0 0
-10.805383682250977 -4.073756217956543 31.215219497680664 0.5126789652630326 -0.8268898282121261 0.2311135880387537 -0.8214507155466093 -0.3940993103507347 0.412194681563262 0 0 0 0 0 0
-11.197664260864258 -4.389863967895508 31.172204971313477 0.5632473168704524 -0.3986824358961688 0.7237435839757983 -0.825437528837734 -0.31122448087360705 0.4709482014948237 0 0 0 0 0 0
-11.404596328735352 -4.859814643859863 31.35856819152832 0.5051056589627411 0.24581393888508066 0.8273111752742235 -0.7716759715111841 -0.3006508808157366 0.5604687706348962 0 0 0 0 0 0
-10.860841751098633 -4.626687049865723 32.3194694519043 -0.42878438030757887 -0.2830016010503965 -0.8579359236021987 0.866908498108025 0.13831390409998504 -0.4788934326556473 0 0 0 0 0 0
-10.514108657836914 -4.850961685180664 32.049102783203125 -0.6089741363980947 0.40662887009041565 -0.6810311763841554 0.7686332512335653 0.09053569747049597 -0.6332505132896853 0 0 0 0 0 0
-10.285844802856445 -5.054721355438232 31.606359481811523 -0.3901143664104813 0.8424392260356638 -0.37162740958731827 0.5749867944795706 -0.0923485072127475 -0.8129341543997799 0 0 0 0 0 0
-10.226434707641602 -5.08523416519165 31.004426956176758 0.06288298206144634 0.987674090948806 0.14333743626669776 0.5771897252404888 0.08117619319087808 -0.812565349209432 0 0 0 0 0 0
-10.148538589477539 -4.960986137390137 30.545087814331055 0.33828252206663045 0.8247242820251288 0.45320502413629005 0.5168634297179365 0.23961940706538734 -0.8218483648324938 0 0 0 0 0 0
-10.091951370239258 -4.738249778747559 30.108049392700195 0.7152458047247339 0.30403954845669473 0.629272112680927 0.622290392969127 0.13274734569169175 -0.7714485135316161 0 0 0 0 0 0
-9.894105911254883 -4.266833782196045 29.88883399963379 0.7525374633909762 -0.33282408592230445 0.5682565389179939 0.6444890036865032 0.19484857130328584 -0.7393699739563724 0 0 0 0 0 0
-9.517343521118164 -3.937995433807373 29.769563674926758 0.5082947650552134 -0.8527921774577221 0.11992470089344558 0.6529115624701354 0.2908072423122843 -0.6993837568971208 0 0 0 0 0 0
-9.059206008911133 -3.8859095573425293 29.563817977905273 0.2380775365982085 -0.9684284273963909 0.07392880073342128 0.9242378619943473 0.2025034388497523 -0.32369234113605877 0 0 0 0 0 0
-8.443490982055664 -3.779244899749756 29.56191062927246 -0.13029085345672403 -0.9586503355892353 -0.2530095404923795 0.9353837690771138 -0.03423496239739627 -0.35197325451906375 0 0 0 0 0 0
-7.996912479400635 -4.022664546966553 29.65116310119629 -0.27537388965999265 -0.3203573907111562 -0.906388638008148 0.9578409672264341 -0.011094244486988288 -0.28708465518378473 0 0 0 0 0 0
-7.521158695220947 -4.296914577484131 29.46346092224121 -0.46610529419239505 0.21341468167989402 -0.858603533867227 0.8408368782446292 -0.19502244944072852 -0.5049352318842144 0 0 0 0 0 0
-7.228891849517822 -4.567343711853027 29.11577796936035 -0.41534016253475636 0.7470300750925417 -0.5190747694627755 0.8368672704101179 0.09011206448214808 -0.5399379478709417 0 0 0 0 0 0
-6.927584171295166 -4.69018030166626 28.651350021362305 -0.48131303918069007 0.8428673404407815 -0.2406499630852479 0.6874250251573654 0.19261917904476436 -0.700246161468606 0 0 0 0 0 0
-6.887636661529541 -4.661985397338867 28.094348907470703 -0.07549171010239285 0.9586625830527687 0.2743484163621313 0.7583523191712688 0.2338447230018536 -0.6084557547856249 0 0 0 0 0 0
-6.817301273345947 -4.407773971557617 27.687170028686523 0.45499803271767697 0.6439614527507147 0.615053198995203 0.6049541059448826 0.2833111168249795 -0.744154110909703 0 0 0 0 0 0
-6.740541934967041 -4.133428573608398 27.290544509887695 0.6488709844612354 0.33876026159085426 0.68132806392457 0.5525084196486201 0.40589348231889677 -0.7280006368324301 0 0 0 0 0 0
-6.587976932525635 -3.6580140590667725 27.17167854309082 0.8606113046979338 -0.28369310958317406 0.4229260003844043 0.5075656953761302 0.5455546369895458 -0.6668936968787084 0 0 0 0 0 0
-6.287943363189697 -3.2160720825195312 27.17915153503418 0.7047534308454113 -0.7056033931184416 0.07380009032084055 0.5952817385694222 0.5315397274008911 -0.6025820856284666 0 0 0 0 0 0
-5.8330254554748535 -2.9618887901306152 27.1458797454834 0.2331375543227146 -0.8703539767670905 -0.4337405167725677 0.574755280610837 0.4831152371000932 -0.6604968092971221 0 0 0 0 0 0
-5.2955498695373535 -2.8382060527801514 26.914613723754883 -0.3697451742664156 -0.7448225754588018 -0.5554528217532211 0.4823305716620625 0.35708998578023343 -0.7999024701147139 0 0 0 0 0 0
-4.885622501373291 -2.976900100708008 26.532636642456055 -0.6173720655779211 -0.5303814329492736 -0.5809881825189959 0.6238425888430472 0.1198361382555381 -0.7723080501416546 0 0 0 0 0 0
-4.561800479888916 -3.221526622772217 26.180965423583984 -0.8617088985735804 0.1269067766412364 -0.49127634195189807 0.5069806904810441 0.17584993597915732 -0.8438289989657206 0 0 0 0 0 0
-4.378511905670166 -3.274719715118408 25.675779342651367 -0.8974221006952748 0.3964896175674645 -0.19346719707714216 0.2780031774654722 0.16772253005079035 -0.9458241835734922 0 0 0 0 0 0
-4.4207329750061035 -3.4828248023986816 25.204072952270508 -0.523585292995112 0.8508423433893315 -0.043883341428995054 0.12379492372865994 0.025016689703070433 -0.9919924304627105 0 0 0 0 0 0
-4.652567386627197 -3.5091211795806885 24.71639060974121 0.1969372899602346 0.9469674447490142 0.2539062078970133 0.1771009669862303 0.22035691886540265 -0.9592070036236645 0 0 0 0 0 0
-4.687571048736572 -3.2572362422943115 24.257343292236328 0.5748401035626802 0.6775645001113934 0.45876486736109684 0.170383045800164 0.4492520459059834 -0.8770075352886927 0 0 0 0 0 0
-4.697855472564697 -2.7805867195129395 23.9405460357666 0.8393970931368662 0.14136797594916142 0.5248119810078813 0.35346049952947584 0.5915343608039819 -0.7246742545865681 0 0 0 0 0 0
-4.5922722816467285 -2.272686243057251 23.767059326171875 0.9283407092498257 -0.36439461085793284 0.073485339539436 0.2805466687497296 0.5571028459958737 -0.7816201031426503 0 0 0 0 0 0
-4.281168460845947 -1.92006516456604 23.44466209411621 0.57355663589675 -0.8188977894298664 -0.020957000875150924 0.3817621936545875 0.2898467663106251 -0.877636872262846 0 0 0 0 0 0
-3.7844948768615723 -1.6910799741744995 23.252992630004883 -0.055379302732557346 -0.941857928617359 -0.33141631693305923 0.4257450915563242 0.27796345925390054 -0.8610908386083914 0 0 0 0 0 0
-3.4266152381896973 -1.7445343732833862 22.895235061645508 -0.6575960141875599 -0.6281757565841745 -0.415887846617973 0.4479204169958412 0.11786273651408374 -0.8862706558268099 0 0 0 0 0 0
-3.179537296295166 -1.9632593393325806 22.439857482910156 -0.9651775924968194 0.025219921888252523 -0.2603769776343409 0.25557167177084017 0.3032788077037949 -0.917989697864863 0 0 0 0 0 0
-3.106386661529541 -1.9786832332611084 21.908992767333984 -0.9892869703792403 0.13318867444674587 0.05976677368725083 -0.035685926880141015 0.17634972570091811 -0.9836804810851522 0 0 0 0 0 0
-3.269197940826416 -2.0905940532684326 21.42121696472168 -0.662704584165179 0.6970264224231306 0.27381891930702773 -0.23254068634243 0.15603057027244246 -0.9599892136559911 0 0 0 0 0 0
-3.5382637977600098 -2.1735129356384277 21.0465030670166 -0.09721399661862447 0.9658096540359541 0.24033549682139135 -0.24551953375860405 0.21074452311621025 -0.9462065865969645 0 0 0 0 0 0
-3.8453316688537598 -2.046452522277832 20.591482162475586 0.16439073241151642 0.9472550890170726 0.2751063129563971 -0.19908427659918726 0.3050235054592665 -0.9313034478237043 0 0 0 0 0 0
-4.1546502113342285 -1.7443701028823853 20.280372619628906 0.7645295975634377 0.6096251941970403 0.20940777695613166 -0.10587615731574378 0.4392235103974429 -0.8921171151963175 0 0 0 0 0 0
-4.260172367095947 -1.3374437093734741 20.004413604736328 0.9960755007297196 0.07771906366538782 -0.042347892379830464 -0.06545951690033674 0.3248571703994876 -0.9434950293918951 0 0 0 0 0 0
-4.198130130767822 -0.8955065011978149 19.739124298095703 0.8674207433509171 -0.4149119540994614 -0.2746439956560288 -0.04588879774238728 0.4829047471586041 -0.8744696812431194 0 0 0 0 0 0
-4.0706658363342285 -0.5072863101959229 19.372949600219727 0.5074966799146005 -0.8412058562497736 -0.18660071620104396 0.11117030940282181 0.27867437547097407 -0.9539296382664413 0 0 0 0 0 0
-3.7316231727600098 -0.33122289180755615 19.11322784423828 -0.0697934011455696 -0.9232655958466616 -0.377769136752121 0.26298270014096675 0.3482673856918683 -0.899749924973555 0 0 0 0 0 0
-3.405642032623291 -0.2509576082229614 18.72097396850586 -0.6625429025949177 -0.6974250477358194 -0.27319444542631444 0.2646190609406532 0.1232721426116691 -0.956441703107312 0 0 0 0 0 0
-3.1737465858459473 -0.4750438928604126 18.299041748046875 -0.9520734903561359 -0.2116090403137553 -0.22085670245336933 0.2322061072856819 -0.03005504074311893 -0.9722021488688245 0 0 0 0 0 0
-3.1211113929748535 -0.913762092590332 17.965425491333008 -0.8380103698706524 0.4736546402683832 -0.2709057063656674 0.3302393892204598 0.04502863694453156 -0.9428225536452843 0 0 0 0 0 0
-3.2238259315490723 -1.0813477039337158 17.3870906829834 -0.4584837009043763 0.8884039616561682 0.023045540103283902 0.34381453867328204 0.20122746219443255 -0.9172235667794775 0 0 0 0 0 0
-3.2929177284240723 -1.0177010297775269 16.85826301574707 -0.11306759230662841 0.9690767537385986 0.2193307204507417 0.15081139461010587 0.23492721205733172 -0.9602422237595702 0 0 0 0 0 0
-3.5618996620178223 -0.9376528263092041 16.52265167236328 0.43318044891247526 0.8798303590808935 0.1955843498840656 0.027415679972203552 0.20403797364907048 -0.9785790135706177 0 0 0 0 0 0
-3.667055606842041 -0.6292420625686646 15.990447998046875 0.7298848578810104 0.6262878474887952 0.2739190141700071 0.11878585607018113 0.27841605958347976 -0.9530867841721878 0 0 0 0 0 0
-3.691561222076416 -0.24407589435577393 15.577308654785156 0.9289531855748036 -0.013810385781031692 0.3699395251321539 0.37009357752009836 0.05828966940176945 -0.9271639867463617 0 0 0 0 0 0
-3.3743767738342285 0.07455408573150635 15.195514678955078 0.7194055058486792 -0.5072971612632983 0.4744526407649188 0.5768343360451949 0.05582944136441774 -0.8149510551169538 0 0 0 0 0 0
-2.9035820960998535 0.2444669008255005 15.030647277832031 0.30599239662654726 -0.9378946800439925 0.16346933153322232 0.3954302252681042 -0.030986232423688122 -0.9179731969641608 0 0 0 0 0 0
-2.4553704261779785 0.27952873706817627 14.78110122680664 -0.3640823945730019 -0.9223405960039469 -0.12935159421156261 0.5958817569814866 -0.12394118302789785 -0.7934503858757029 0 0 0 0 0 0
-1.9569497108459473 0.09836113452911377 14.66920280456543 -0.642305511564853 -0.6509571324221064 -0.4045966405720649 0.6098003912770266 -0.11423388312336054 -0.7842793524917917 0 0 0 0 0 0
-1.6433587074279785 -0.29461872577667236 14.347246170043945 -0.9011455389584088 -0.00608563960708616 -0.43347396992891246 0.4096786107198287 -0.33895703879203487 -0.8469188637478834 0 0 0 0 0 0
-1.5834603309631348 -0.7029385566711426 13.973779678344727 -0.6995196436116565 0.59228878178876 -0.399832799015548 0.18550749165094607 -0.38982288844394636 -0.902011688497767 0 0 0 0 0 0
-1.749025821685791 -0.977957010269165 13.518463134765625 -0.1609496067080876 0.9355475100551626 -0.31439796521303637 0.23344673300319746 -0.2734255698658782 -0.9331350816434103 0 0 0 0 0 0
-1.7866921424865723 -1.0394670963287354 12.9248046875 0.1994225338914573 0.9772661113232216 0.07198333581808446 0.17302961830058924 0.03718642035873931 -0.9842143675702237 0 0 0 0 0 0
-1.9711709022521973 -0.8879249095916748 12.489171981811523 0.7442143777989213 0.651659984650676 0.14657497836413022 0.12592760699251923 0.07862024559353467 -0.9889191548250796 0 0 0 0 0 0
-1.9987664222717285 -0.6082968711853027 12.029888153076172 0.9507582397583064 0.09175715732296055 0.2960395135986012 0.29880908243366416 -0.01776217445072805 -0.9541475972898186 0 0 0 0 0 0
-1.8087716102600098 -0.3436316251754761 11.555201530456543 0.8037846829859309 -0.5127647231629372 0.30166624285266475 0.33713545249022076 -0.025195769951632807 -0.9411189403315389 0 0 0 0 0 0
-1.4296059608459473 -0.2182692289352417 11.148055076599121 0.4246630108054804 -0.77894010785923 0.4614256555739783 0.5656503835807004 -0.16966740031836425 -0.8070022409040849 0 0 0 0 0 0
-0.896822452545166 -0.1920069456100464 10.900390625 -0.0986592550077071 -0.973195213005229 0.20774366123911184 0.5943310195980858 -0.225064992989522 -0.7720857388102219 0 0 0 0 0 0
-0.43303152918815613 -0.36225426197052 10.916208267211914 -0.4480705199542403 -0.8393993579014721 -0.30763863070578906 0.6833928317321096 -0.09974068400282671 -0.7232053881794694 0 0 0 0 0 0
0.0080771679058671 -0.6918377876281738 10.8250732421875 -0.6944909130829691 -0.3923809303484819 -0.603091682204326 0.719230244815263 -0.4016118922871111 -0.5669353957167808 0 0 0 0 0 0
0.25057747960090637 -1.1407877206802368 10.591177940368652 -0.6782186990364801 0.29979931222338824 -0.6709245625758886 0.5837101572989879 -0.33487119225524264 -0.739691649853872 0 0 0 0 0 0
0.34335091710090637 -1.4968271255493164 10.009510040283203 -0.42789807149658043 0.8501828729352496 -0.306744719558581 0.49603689785711347 -0.06280531043307694 -0.866027071716408 0 0 0 0 0 0
0.35479500889778137 -1.6584841012954712 9.521751403808594 0.21924138690551256 0.9708482302222481 0.09688616073555772 0.7055913136937283 -0.08918527997367505 -0.7029842700060764 0 0 0 0 0 0
0.4751181900501251 -1.4505566358566284 9.022856712341309 0.46969015880318 0.6873092997690049 0.5540731731229043 0.6941498985196214 0.10026800873757043 -0.7128129101026452 0 0 0 0 0 0
0.691129207611084 -1.0743470191955566 8.583954811096191 0.6169381883703835 0.2504853683422227 0.746086021834433 0.7313262424020711 0.16779041019546614 -0.6610660371101397 0 0 0 0 0 0
0.981442928314209 -0.5655007362365723 8.416694641113281 0.7133559798362782 -0.32094557945166224 0.6229905144239841 0.6924665466279489 0.18610903688827413 -0.697031927668799 0 0 0 0 0 0
1.3855719566345215 -0.2985497713088989 8.232645988464355 0.4336384069212868 -0.7640765056305369 0.4776450832848558 0.8619226043670104 0.19714495046650654 -0.4671437600854247 0 0 0 0 0 0
1.845426082611084 -0.12130415439605713 8.338123321533203 0.2177011831682459 -0.9721898429620138 -0.0863313621382227 0.8861459485339754 0.23395501525685417 -0.40001301070463496 0 0 0 0 0 0
2.3662848472595215 -0.1071397066116333 8.362340927124023 -0.15372994392034817 -0.7748822804300847 -0.6131268676364773 0.7968677279397544 0.26967864499893285 -0.5406248723465034 0 0 0 0 0 0
2.8255362510681152 -0.31983959674835205 8.282931327819824 -0.5120309523184469 -0.30004748207752907 -0.8048576348440756 0.7773013995468057 0.23690753475018478 -0.5828184573614386 0 0 0 0 0 0
3.2359061241149902 -0.5260132551193237 7.997698783874512 -0.6760060361070706 0.22714285610789817 -0.7010149513854557 0.7350040240974486 0.2759662594782717 -0.6193639545454097 0 0 0 0 0 0
3.5464377403259277 -0.5879138708114624 7.521069526672363 -0.7150436924814465 0.6353945852608016 -0.29152399363303244 0.6152310946820544 0.37392967040045827 -0.6940225513126543 0 0 0 0 0 0
3.6571249961853027 -0.540942907333374 6.974478721618652 -0.3561269532563436 0.9045190810192256 0.23456092009644203 0.6649066343504874 0.4216638754339306 -0.6165214868524422 0 0 0 0 0 0
3.7955069541931152 -0.3100534677505493 6.60861873626709 0.008058548041822166 0.8495176003486703 0.5274987265399741 0.5249742380437655 0.4453786116360034 -0.7252861102265465 0 0 0 0 0 0
3.7595267295837402 0.06509912014007568 6.226351737976074 0.5562636733877211 0.3760246730926398 0.7410642150952724 0.5486981390206161 0.5035367925259526 -0.6673687517467299 0 0 0 0 0 0
3.921750545501709 0.6152793169021606 6.060376167297363 0.6903129469334713 -0.19058567753681932 0.6979578316874581 0.7052453521184635 0.39264451063361966 -0.5903043973956064 0 0 0 0 0 0
4.315946102142334 0.9565647840499878 5.89579963684082 0.5306837909708361 -0.6912663910750949 0.4904339818679331 0.8406325687227321 0.3553940101559816 -0.4086954635763301 0 0 0 0 0 0
4.7910284996032715 1.150516390800476 5.9956159591674805 0.30066015525788736 -0.9528142907724111 -0.04181385344799477 0.8683187008114005 0.29160559650058343 -0.4012341086083545 0 0 0 0 0 0
5.2133612632751465 1.2926751375198364 6.118494033813477 0.08254057217167342 -0.8838952061667207 -0.4603436960153393 0.9452722487664278 0.21575093876792908 -0.24476909145727124 0 0 0 0 0 0
5.715085506439209 1.1439367532730103 6.280508041381836 -0.3478851426928577 -0.3598334983460718 -0.8657342438425301 0.8845576532449007 0.18004240272420038 -0.4302818742489288 0 0 0 0 0 0
6.202977657318115 1.0469380617141724 6.054665565490723 -0.5990538861928236 0.08248385849084906 -0.7964489026458239 0.7994122511593409 0.11819101482373601 -0.5890423895708103 0 0 0 0 0 0
6.525960445404053 0.9438332319259644 5.655622482299805 -0.7302619513791347 0.4511953318992352 -0.5129719825100365 0.6339211561481884 0.1676130257268846 -0.7550164510753543 0 0 0 0 0 0
6.6837286949157715 0.8737994432449341 5.131452560424805 -0.518214637031641 0.8552466740804704 0.0025916096268933024 0.5650815280251256 0.3446680067969269 -0.7495911097227759 0 0 0 0 0 0
6.68189001083374 0.9745885133743286 4.567686080932617 -0.29735084744717954 0.9049033021976964 0.3045200932519043 0.22248956740857387 0.375838583202483 -0.8995797639846597 0 0 0 0 0 0
6.456113338470459 1.1504942178726196 4.14869499206543 0.3081775994249169 0.8383682879256339 0.449627824999006 0.06493634161862308 0.4529910246314585 -0.8891470087339499 0 0 0 0 0 0
6.237218379974365 1.506027340888977 3.787025213241577 0.7908612342282151 0.49787200329389575 0.3558960192684761 0.08544659556326153 0.4860087640314845 -0.8697668426602828 0 0 0 0 0 0
6.22125768661499 2.033074140548706 3.585636854171753 0.9797899380497715 -0.19733801289475908 0.03270146729388366 0.11781465971094972 0.43720191165994826 -0.8916132538259399 0 0 0 0 0 0
6.499364376068115 2.4655020236968994 3.347928762435913 0.6884890240952656 -0.7118981706674152 -0.13850580601814683 0.17580334669029718 0.3491029483224705 -0.9204457152733396 0 0 0 0 0 0
6.8041510581970215 2.7315027713775635 3.0023438930511475 0.14416206847196983 -0.9809188540047524 -0.13044347385701738 0.26661168272862096 0.16544795872767815 -0.9494973320581043 0 0 0 0 0 0
7.2333502769470215 2.719452142715454 2.6086466312408447 -0.5654598676661082 -0.820065938973856 -0.08801700854923121 0.15727319994718517 -0.002451390735911884 -0.9875520904042646 0 0 0 0 0 0
7.4993720054626465 2.3767902851104736 2.1906511783599854 -0.944199033665997 -0.3111563371728088 -0.10802739773501316 0.14520643096956548 -0.09884429997506876 -0.9844515715704453 0 0 0 0 0 0
7.59131383895874 2.1484291553497314 1.7323938608169556 -0.98631469092739 0.16475453621589942 -0.006266837886104679 -0.041176854694747786 -0.2829574450817357 -0.9582481677051432 0 0 0 0 0 0
7.403378963470459 1.7694898843765259 1.429902195930481 -0.7020918332191963 0.6985003595138877 -0.1384352032030787 -0.1075767288818712 -0.29621973845557137 -0.9490422087306705 0 0 0 0 0 0
7.0895209312438965 1.5513957738876343 1.0346704721450806 -0.26498091237677374 0.941656656109323 -0.20752796939444224 -0.2986547160756248 -0.2847862328525404 -0.9108798834881834 0 0 0 0 0 0
6.6158881187438965 1.5818723440170288 0.7888752222061157 0.4389049209105089 0.8110675167097214 -0.3866936174012513 -0.47842185742167 -0.15333921240691442 -0.864638428639178 0 0 0 0 0 0
6.26166296005249 1.7154008150100708 0.4007789194583893 0.8660293121507043 0.3571212496284089 -0.34993948556803556 -0.34450923966196806 -0.08102626051538246 -0.9352797062346784 0 0 0 0 0 0
6.2116522789001465 1.9332376718521118 -0.06522522121667862 0.9348540043803212 -0.302951481932422 -0.1851172333658538 -0.2338674012631794 -0.13317159341894094 -0.9631050645348447 0 0 0 0 0 0
6.277066707611084 2.0875799655914307 -0.6173008680343628 0.6304242737955162 -0.7570844924198247 0.17143017921828235 0.028180840826949237 -0.1983765420258239 -0.9797206682438432 0 0 0 0 0 0
6.530675411224365 2.049024820327759 -1.1116384267807007 0.12923240762627172 -0.9062948893809785 0.40240347699918916 0.05988357854223156 -0.3979329303203771 -0.9154579946603855 0 0 0 0 0 0
6.809972286224365 1.8162046670913696 -1.4844626188278198 -0.5972978464878151 -0.6787648381654002 0.42721607770695685 0.04634549157157639 -0.5609964193699574 -0.8265198805020215 0 0 0 0 0 0
6.958409786224365 1.2868472337722778 -1.7352352142333984 -0.9098027510287428 -0.3149163160045152 0.27034546072511734 -0.05461421617654086 -0.5548689432865241 -0.8301432064213489 0 0 0 0 0 0
6.9321112632751465 0.7773667573928833 -2.009970188140869 -0.9805481318871111 0.17832683220738438 0.08200549961786753 -0.14936372548693572 -0.406868384664704 -0.9011928734011371 0 0 0 0 0 0
6.650815486907959 0.44052398204803467 -2.3006935119628906 -0.7363076447298403 0.6721206343635652 -0.07813389261462664 -0.42349595724740097 -0.5478129223648422 -0.7214930188748877 0 0 0 0 0 0
6.271092891693115 0.1399773359298706 -2.496915340423584 -0.44604664063777316 0.8787257460983369 -0.16995133868163073 -0.6207865956614119 -0.440538882055806 -0.6484978766689492 0 0 0 0 0 0
5.781713008880615 -0.031287070363759995 -2.7033610343933105 0.06964325208028942 0.86565902177172 -0.4957663516868709 -0.727447551724706 -0.29599975609305856 -0.6190348971444026 0 0 0 0 0 0
