t = 0.0
b = 200.0 200.0 200.0
E = 0.0 0.0 0.0
56.630284895417326 48.002906085386186 17.528055087377382 0.7136843762365035 -0.4132463470585977 0.5655811769840275 -0.6712680022464563 -0.17279563258755398 0.7207918829445283 0.0 0.0 0.0 0.0 0.0 0.0
56.39401732873642 47.56337690485945 17.776214495946718 0.6632507019430406 0.3275275315369137 0.6729221518551755 -0.6197235720898616 -0.2637311029368816 0.7391810329952183 0.0 0.0 0.0 0.0 0.0 0.0
56.25616942834579 47.19408822192183 18.197164431859804 0.4357646158323068 0.7505562889095174 0.49676398497364394 -0.5340707661784286 -0.22863760371119501 0.813936891216259 0.0 0.0 0.0 0.0 0.0 0.0
56.29999267053329 47.03127145899764 18.75647534494574 0.027523046144012492 0.990692868498001 0.1333046219684724 -0.544391699995076 -0.09698946526101049 0.8332050891616388 0.0 0.0 0.0 0.0 0.0 0.0
56.290066828248136 47.09843897952071 19.21103085642035 -0.6089899102226589 0.7457178355863028 -0.27025210255514764 -0.4390486599749761 -0.033162771877992936 0.8978510481898133 0.0 0.0 0.0 0.0 0.0 0.0
56.11511718225204 47.39229560030928 19.616088763524843 -0.7833758285959146 0.31145513847808975 -0.5378828942132833 -0.5191922485308441 0.1478582757005142 0.8417703602363038 0.0 0.0 0.0 0.0 0.0 0.0
55.77798949670517 47.7929860366725 20.004930392553163 -0.669449153509023 -0.1475833580978387 -0.7280501241526011 -0.7224695855016473 0.35738720626105347 0.5918716776683923 0.0 0.0 0.0 0.0 0.0 0.0
55.4403506417247 48.28684663905135 20.092916384984804 -0.5333088078849637 -0.793254711258852 -0.2938174237480725 -0.666450379328385 0.1800872061980981 0.7234725219777292 0.0 0.0 0.0 0.0 0.0 0.0
55.013135065552824 48.44379091767898 20.229047671605898 -0.2229213424482136 -0.9748070256598634 -0.007572173086797029 -0.8840426031889629 0.19887941821599575 0.4229842228227299 0.0 0.0 0.0 0.0 0.0 0.0
54.533345331666105 48.475913052841335 20.11186780100043 0.07788177701677307 -0.8137717151449044 0.5759427267001729 -0.914325936599617 0.17198610913013096 0.3666454144367713 0.0 0.0 0.0 0.0 0.0 0.0
54.04773436975204 48.147066117658525 20.100002185155702 0.35790008627608544 -0.20152644576383724 0.9117535960452064 -0.9288762336849862 0.022895141497974364 0.36968196465473196 0.0 0.0 0.0 0.0 0.0 0.0
53.6516543526622 47.93207478655806 20.39360036020453 0.4899459604129329 0.44299562716303925 0.7508047883368049 -0.8328326525218909 -0.0166117455857778 0.5532755396743513 0.0 0.0 0.0 0.0 0.0 0.0
53.36999999475204 47.721351386442095 20.81858052377875 0.3825449654907083 0.8436261971046982 0.3767680837549509 -0.7861582545591532 0.08297117620671052 0.6124303900912988 0.0 0.0 0.0 0.0 0.0 0.0
53.140332331177824 47.697104455366045 21.33162869577582 0.1693606637369942 0.9734307237949092 -0.15410902488395628 -0.7111343856475306 0.22896223671407928 0.6647286511867794 0.0 0.0 0.0 0.0 0.0 0.0
53.051350702759855 47.9013115180873 21.7942217743891 -0.31603480449701576 0.7115062718050423 -0.6275992571128665 -0.7664029243940657 0.19846667037969332 0.6109316968603133 0.0 0.0 0.0 0.0 0.0 0.0
52.88364135217392 48.199989081754595 22.152440921117616 -0.3956583088825128 0.38383393070520255 -0.8343416663763257 -0.7951072182359085 0.3115013182794929 0.5203570314882788 0.0 0.0 0.0 0.0 0.0 0.0
52.63682280969345 48.64270663393965 22.33557690744574 -0.5354479368499403 -0.11487644497149815 -0.8367191340670134 -0.7694187361634214 0.47487944945509214 0.42718183122168496 0.0 0.0 0.0 0.0 0.0 0.0
52.37839995813095 49.090329886808306 22.32142247324164 -0.6159832521044066 -0.706489960633325 -0.3484775009253848 -0.7830454098261543 0.5008085375702032 0.36882339248884954 0.0 0.0 0.0 0.0 0.0 0.0
51.97671996545517 49.379617930784136 22.33303250436957 -0.4553378747445596 -0.8626671765553429 -0.2201653067972807 -0.8891898222894294 0.4281875459645887 0.16123549676704602 0.0 0.0 0.0 0.0 0.0 0.0
51.43224822473251 49.54898405207625 22.21880902414496 -0.11266464168472518 -0.8925492947349052 0.4366490982267975 -0.8835630831394921 0.29102641977360627 0.3669058477413401 0.0 0.0 0.0 0.0 0.0 0.0
50.903821100709074 49.488784552946 22.215537921239687 0.33172636830415947 -0.5799572840928249 0.7440478245377828 -0.8442964096283296 0.16934119430551758 0.5084162985191293 0.0 0.0 0.0 0.0 0.0 0.0
50.42802916955673 49.29236650599471 22.416900531102968 0.5174546095897266 -0.07613886584628815 0.8523166079116287 -0.8502947176124955 0.06613524990724017 0.5221350609947524 0.0 0.0 0.0 0.0 0.0 0.0
50.14074431848251 48.98972368372908 22.780866519262148 0.42585549301695336 0.5387609888750453 0.7269000591096901 -0.8418953918435488 -0.058354182452387465 0.5364764100898669 0.0 0.0 0.0 0.0 0.0 0.0
49.90379058313095 48.724742413892656 23.103504077245546 0.14239662741793152 0.8299359101639291 0.5393788886491288 -0.6980644014282439 -0.30212890393133074 0.6491719470740245 0.0 0.0 0.0 0.0 0.0 0.0
49.84610473108017 48.54849672822586 23.555026904393984 -0.2986586880143004 0.9498479389527271 0.09269239958504455 -0.6607475013267772 -0.2758797954075599 0.6980709691545006 0.0 0.0 0.0 0.0 0.0 0.0
49.646138300416105 48.522971396728664 24.042524234105898 -0.4137434478086864 0.8264813554843254 -0.3817655411796259 -0.6922676408510169 -0.013273376299112183 0.7215187668468434 0.0 0.0 0.0 0.0 0.0 0.0
49.52000152063095 48.76704478396407 24.437360659887148 -0.7234213220519423 0.3091583694981976 -0.617318955945657 -0.6035021267931479 0.15111722063982008 0.7829104473579614 0.0 0.0 0.0 0.0 0.0 0.0
49.2386904854747 49.13967132700911 24.785373584081484 -0.7175328162349184 -0.16081590675461518 -0.6777056158544635 -0.681637451977038 0.36221545429432667 0.6357439333038151 0.0 0.0 0.0 0.0 0.0 0.0
48.866826196429365 49.542138577833086 24.747274295141054 -0.5813458011302456 -0.7765987780881818 -0.2427578986978092 -0.6761960504357568 0.2951878244142277 0.674998555326364 0.0 0.0 0.0 0.0 0.0 0.0
48.3310443360778 49.69256615771285 24.80552662973578 -0.0830661981674809 -0.967677518460673 0.23811809462490463 -0.69798618389882 0.22703958127102056 0.679167369374179 0.0 0.0 0.0 0.0 0.0 0.0
47.83043395471298 49.69084549082747 24.892036334325624 0.307238500179614 -0.7325491863243467 0.6074341064040767 -0.799263606262677 0.147810052661695 0.5825202795063258 0.0 0.0 0.0 0.0 0.0 0.0
47.32974730920517 49.552504063978105 25.181249514867616 0.71505221325037 -0.31112493207412056 0.62602045411282 -0.6260866766007451 0.11336450789206388 0.7714687043123813 0.0 0.0 0.0 0.0 0.0 0.0
46.97375213098251 49.33516144885054 25.54433049326117 0.8167487566646575 0.08750008883382755 0.5703202634843056 -0.574069329291294 0.02384471246322184 0.8184594277388401 0.0 0.0 0.0 0.0 0.0 0.0
46.81292449426376 49.096836806669145 25.935451403905702 0.5889805790551591 0.6647201582069637 0.4596183076958079 -0.5535733468678613 -0.08250585673239165 0.8287034048695398 0.0 0.0 0.0 0.0 0.0 0.0
46.745572199341886 49.013223887815386 26.481189624120546 0.18269418500672463 0.9831648435690107 0.003118514815031087 -0.4215514633588039 0.07546743407873313 0.9036586911736219 0.0 0.0 0.0 0.0 0.0 0.0
46.779629816529386 49.04776954783431 26.987245456029726 -0.2908992606293787 0.8341344334152315 -0.46861217137024064 -0.47196531742054976 0.3009431964195576 0.8286627369931024 0.0 0.0 0.0 0.0 0.0 0.0
46.793164362427824 49.34867668284407 27.489631549169374 -0.5930186854486295 0.5576465800887421 -0.5808262480502323 -0.39929855830863703 0.42273519652583147 0.813545090914395 0.0 0.0 0.0 0.0 0.0 0.0
46.65844451379501 49.62171149386397 27.81086339121039 -0.8406645745677499 0.09306491180826204 -0.5334997612529405 -0.34111700063161354 0.6741391358409281 0.6551149650311298 0.0 0.0 0.0 0.0 0.0 0.0
46.46239196252548 50.18697643412581 27.861499682714296 -0.8467697455494322 -0.5219262442815535 -0.10282992537341376 -0.4395189350736156 0.5775320717781534 0.6879533500023011 0.0 0.0 0.0 0.0 0.0 0.0
46.110257257935636 50.51834213866225 28.10628117685492 -0.525509577476881 -0.8507538594351223 0.007586477200511421 -0.6768398919381163 0.42345266150889516 0.6021425114889595 0.0 0.0 0.0 0.0 0.0 0.0
45.55954467248642 50.7111202491664 28.18005169992621 0.022726621762016355 -0.9047760245395456 0.42528090255935735 -0.43095365952561415 0.37497291196546734 0.8207766192050179 0.0 0.0 0.0 0.0 0.0 0.0
45.07275878381454 50.71562254561415 28.365615741063905 0.5519738065181209 -0.5573075188128183 0.6202686888700704 -0.574609548207718 0.284834062183243 0.7672635949455145 0.0 0.0 0.0 0.0 0.0 0.0
44.66167937707626 50.61573469771376 28.771654025365663 0.8539725403693286 -0.04939192208597906 0.5179684723299366 -0.49811735685530983 0.210078330573626 0.8412765263710136 0.0 0.0 0.0 0.0 0.0 0.0
44.489705194947355 50.45834446085921 29.258308306981874 0.8569164216912524 0.4715657557779512 0.2081345339280083 -0.256635691585887 0.0401324683575415 0.9656746381611998 0.0 0.0 0.0 0.0 0.0 0.0
44.60106383752548 50.343047143354326 29.763551608373476 0.620327496764773 0.7827319494552694 0.05024432365456719 -0.04756237739822478 -0.026401982771553256 0.9985192815173676 0.0 0.0 0.0 0.0 0.0 0.0
44.88205443811142 50.34468412531844 30.303178683568788 0.0408476805432908 0.9881540357183255 -0.1479292692059952 -0.1555004193905909 0.15253594543460083 0.9759879122815626 0.0 0.0 0.0 0.0 0.0 0.0
45.051167597291105 50.52862751616469 30.749538317968202 -0.38402142977316434 0.844780269084583 -0.3726578034072999 0.016154595656015625 0.4096900660710713 0.9120817281372715 0.0 0.0 0.0 0.0 0.0 0.0
45.39788543176376 51.01937925948134 30.959169284154726 -0.8746582994834993 0.4837048454774076 -0.03166198992973682 0.15449058392337975 0.34007679442081895 0.9276208456990783 0.0 0.0 0.0 0.0 0.0 0.0
45.50015746545517 51.40299570693007 31.29614056711371 -0.9972282248978819 -0.06561399812273895 0.035080916712195556 0.0042724461628119974 0.42021918838876365 0.907412574253671 0.0 0.0 0.0 0.0 0.0 0.0
45.36343871545517 51.86996805800429 31.528184787084413 -0.697863124201913 -0.6025004578934177 0.38727284712120924 0.01766121324500622 0.5260691197739175 0.8502584094068167 0.0 0.0 0.0 0.0 0.0 0.0
45.117154230591886 52.209550501241594 31.906684771825624 -0.17078691439031862 -0.9301957068354249 0.32491195247017013 0.017774563228220852 0.32679448341810213 0.9449282673883461 0.0 0.0 0.0 0.0 0.0 0.0
44.960339655396574 52.25856506957045 32.46253384714301 0.2771371216768523 -0.9607683273259824 0.01091956940100081 0.06816458900010332 0.030995870341329872 0.997192481333584 0.0 0.0 0.0 0.0 0.0 0.0
44.76163207483017 52.09770786894789 33.01457299356635 0.7790112067886487 -0.5826186814037065 -0.23172615686861808 0.3367326798694422 0.07698981340300483 0.9384474790525649 0.0 0.0 0.0 0.0 0.0 0.0
44.72246276330673 51.83033287657729 33.489127055455995 0.962575261934735 -0.0744378248039742 -0.2605913953869732 0.24234254075407527 -0.19402702310849956 0.9505911882846978 0.0 0.0 0.0 0.0 0.0 0.0
44.943493952271574 51.46837008131972 33.78083314066107 0.8501512690419797 0.5196142733418929 -0.08511067315964288 0.28463251246313503 -0.31753641771110697 0.9045191851343564 0.0 0.0 0.0 0.0 0.0 0.0
45.170621027466886 51.192815901174455 34.1579331315058 0.3969084001837047 0.914704519718993 0.07602212486676785 0.3764240209734263 -0.23775717869566038 0.895419723042148 0.0 0.0 0.0 0.0 0.0 0.0
45.587849726197355 51.128556848897844 34.45792283182318 -0.07811842884232469 0.9847341121668015 0.1555514043982511 0.3498202556613922 -0.11903181358193847 0.9292239859605398 0.0 0.0 0.0 0.0 0.0 0.0
46.00127898645126 51.177087904348284 34.72908772592719 -0.52120224900374 0.7539381934333745 0.39990675927753916 0.5341450103576852 -0.0772811184109074 0.8418531562256855 0.0 0.0 0.0 0.0 0.0 0.0
46.42960082483017 51.41338455809584 35.02175892954047 -0.8266985223195238 0.328084222754944 0.45708893661299704 0.4830505968180832 -0.002695970996023589 0.8755882894683337 0.0 0.0 0.0 0.0 0.0 0.0
46.62975799035751 51.67449581755629 35.35883130197699 -0.8313945979270039 -0.31938903044042266 0.4547237290620785 0.4359984140529013 0.13240178377147305 0.8901545655657153 0.0 0.0 0.0 0.0 0.0 0.0
46.730008234498136 51.87232744826308 35.824576274205995 -0.5696386538347343 -0.7807191704390676 0.256883983475588 0.3429210613221479 0.058281694270540196 0.9375544729852486 0.0 0.0 0.0 0.0 0.0 0.0
46.710293879029386 51.947191835775286 36.3827866471308 -0.31055674858958826 -0.947186519902371 -0.07995125027601789 0.2150750601788758 -0.15194720261757835 0.9647044967790631 0.0 0.0 0.0 0.0 0.0 0.0
46.53589354943954 51.86305534972182 36.852997676183534 0.3917332835870455 -0.8471308737767044 -0.3590463998210105 0.21172054382153546 -0.2967668060541538 0.9311841247295456 0.0 0.0 0.0 0.0 0.0 0.0
46.32303344201767 51.45856392516127 37.21079720621283 0.8065505172731224 -0.38737050747657065 -0.44656506023624615 0.30216869596402246 -0.37912173618281286 0.8746203681215818 0.0 0.0 0.0 0.0 0.0 0.0
46.49915038537704 51.01283276213637 37.4441241181391 0.9239393306246355 0.280201249280144 -0.2604292096266215 0.3666416845797781 -0.4544202230697882 0.8118350423538678 0.0 0.0 0.0 0.0 0.0 0.0
46.82610045861923 50.57712996138564 37.61647690897162 0.6556979289720176 0.751177126135861 0.07611275262448158 0.44899872285531095 -0.468991425846184 0.760557157192714 0.0 0.0 0.0 0.0 0.0 0.0
47.2162295479747 50.23274517191878 37.863442317296816 0.23843871597364186 0.938700228866784 0.24897561938930657 0.49039024735392667 -0.3376614423625354 0.8034314878331612 0.0 0.0 0.0 0.0 0.0 0.0
47.76439391565048 50.18171215189925 37.95948685770209 -0.23942352066619071 0.7579324372726592 0.6068070519380383 0.5539462655818691 -0.4066452195668605 0.7264868892494354 0.0 0.0 0.0 0.0 0.0 0.0
48.25252260756218 50.25157880915633 38.24472989206488 -0.6145185246238665 0.48515534825335005 0.622086224694999 0.6719979179509026 -0.0911639213902281 0.7349203614721855 0.0 0.0 0.0 0.0 0.0 0.0
48.61186708253347 50.49007749690047 38.593547717382265 -0.8190382900682021 -0.2530147047695562 0.5149367325920049 0.5700557844995069 -0.2573389475465475 0.7802647426574438 0.0 0.0 0.0 0.0 0.0 0.0
48.815610070941084 50.70205795897475 39.03917111520941 -0.6670844298359291 -0.7005813252800731 0.2533459495221705 0.42415131264800465 -0.07759351421722968 0.9022609991185454 0.0 0.0 0.0 0.0 0.0 0.0
48.74668612074577 50.780626894369036 39.534866229345155 -0.19241008827924705 -0.9731702860324472 -0.12616636759412972 0.33815873458615986 -0.18644773615725657 0.922434773794289 0.0 0.0 0.0 0.0 0.0 0.0
48.71305574965202 50.62262880934706 40.012957469274355 0.24305756579526971 -0.8654929663257157 -0.43800107870916466 0.27543955485527 -0.3713747151086113 0.8866870206556137 0.0 0.0 0.0 0.0 0.0 0.0
48.69429506849968 50.26050710810652 40.40613831644232 0.5946485029246787 -0.4176196145413873 -0.6870131116068608 0.6273873670023943 -0.2933300785846401 0.7213477363403392 0.0 0.0 0.0 0.0 0.0 0.0
48.895642419573896 49.86341357363692 40.709177390386415 0.7069413340678157 0.09698032278829355 -0.7005917264557833 0.6809047653424041 -0.3612676907246186 0.6370669950425203 0.0 0.0 0.0 0.0 0.0 0.0
49.3608828682872 49.5023036016368 40.81836213236029 0.5731870250946015 0.574639590669693 -0.5841626272692974 0.8185602968152749 -0.4342699890459004 0.3759901821746977 0.0 0.0 0.0 0.0 0.0 0.0
49.80820189904892 49.164450646772295 40.70999278192694 0.41617690797155604 0.9080624423346411 0.04711031832286516 0.7971424461021889 -0.38928561804704587 0.46154157797965323 0.0 0.0 0.0 0.0 0.0 0.0
50.350232233521574 49.12265062464705 40.69717539911444 -0.06956278358638034 0.8411537489468398 0.5363034493385167 0.7955074857688295 -0.2776170616089784 0.5386061707679851 0.0 0.0 0.0 0.0 0.0 0.0
50.8810244698497 49.14559006823531 40.980443850805116 -0.5172878149543009 0.6883829360648793 0.5084705004565173 0.692637673822246 -0.01221252694003283 0.7211822980272373 0.0 0.0 0.0 0.0 0.0 0.0
51.366658319947355 49.32126927508345 41.20034779672797 -0.7697211486586473 0.08875785863465835 0.6321798761730738 0.6186539169961901 -0.14056272704843006 0.7729873548448125 0.0 0.0 0.0 0.0 0.0 0.0
51.64342223596298 49.67705512179366 41.591724768926454 -0.7894003475842365 -0.27155876450616534 0.5505478441096392 0.600881353637478 -0.15823942271597008 0.7835189110348955 0.0 0.0 0.0 0.0 0.0 0.0
51.70139800500595 49.90253615511885 42.06150855188544 -0.345852295244313 -0.9238878741368407 0.16376014746314235 0.6175478329288157 -0.09273408393284482 0.7810474145159563 0.0 0.0 0.0 0.0 0.0 0.0
51.694775690552824 49.853163243665605 42.58723916177924 0.1282477005693198 -0.9836199997918541 -0.1266657937572555 0.5813698326178635 -0.028909400898858628 0.8131256755640834 0.0 0.0 0.0 0.0 0.0 0.0
51.813305963990324 49.65945291651717 43.10816086893256 0.3456686589709357 -0.7983049641584228 -0.49317579259859684 0.5423879322707805 -0.2588985723495347 0.7992414279567845 0.0 0.0 0.0 0.0 0.0 0.0
51.82494079065048 49.236944438352495 43.47133006220038 0.7978183150706952 -0.2920583732579129 -0.5274351550168974 0.5002722748920749 -0.1675418344735165 0.8495041993277943 0.0 0.0 0.0 0.0 0.0 0.0
51.95213805627548 48.84378695620528 43.79376114969428 0.8206042998568044 0.22905223183853224 -0.5235872975410222 0.5634400965142387 -0.17096209797136958 0.8082742224624346 0.0 0.0 0.0 0.0 0.0 0.0
52.34213744592392 48.51414299423179 44.00874699716742 0.5824718444345305 0.7092776863977837 -0.39705379234965577 0.7283095342654482 -0.2384788253900811 0.6424119178055567 0.0 0.0 0.0 0.0 0.0 0.0
52.75449096154892 48.29402089251509 44.1067537224787 0.21774051975280212 0.9747510432935004 0.049492117109820155 0.7647074814241761 -0.20189122331091114 0.6119333311758048 0.0 0.0 0.0 0.0 0.0 0.0
53.279805292603605 48.3231294168376 44.14846552972968 -0.17326596835284164 0.8922960143638085 0.416877352420606 0.8545717903893897 -0.07420061105261416 0.5140051793416984 0.0 0.0 0.0 0.0 0.0 0.0
53.77391540002548 48.49455023270404 44.233119384099794 -0.46206141296336467 0.47361934764109936 0.7497892798582271 0.8575374784072036 0.023044825497947397 0.513905058493088 0.0 0.0 0.0 0.0 0.0 0.0
54.1838809151622 48.80852365626326 44.46981991892035 -0.641015467466869 -0.07420238353243035 0.7639327043309098 0.756715278540348 0.1053809309128828 0.6451952004033643 0.0 0.0 0.0 0.0 0.0 0.0
54.42833434533798 49.15945983065596 44.83936704759772 -0.5463050738467902 -0.5392830520050654 0.6408779572659331 0.659800369806703 0.19425718893029317 0.7258978003492217 0.0 0.0 0.0 0.0 0.0 0.0
54.41824828576767 49.49839902056685 45.19428648119147 -0.12278199131855898 -0.87377488157632 0.4705762838628156 0.41421348102667666 0.3857712679567425 0.8243832367017236 0.0 0.0 0.0 0.0 0.0 0.0
54.362988581177824 49.73084688319197 45.701178923894716 0.2866101662102633 -0.9088517494726222 0.30305628207558877 0.3305701331956724 0.3907155565501991 0.8591069438135529 0.0 0.0 0.0 0.0 0.0 0.0
54.30145751428329 49.74429416789046 46.194281951238466 0.7195615990857712 -0.692310354652094 -0.0541985051696033 0.25270081777710185 0.18835131368895436 0.949034287750674 0.0 0.0 0.0 0.0 0.0 0.0
54.231221308228605 49.52484560145369 46.661262289335085 0.9617559727524407 -0.13764984018888887 -0.23680787649691729 0.264227366003375 0.2384269083173627 0.9345247500441827 0.0 0.0 0.0 0.0 0.0 0.0
54.37192260217392 49.49149441851607 47.079618707944704 0.916663698246711 0.25430389342434295 -0.308313467279461 0.32255345926817475 -0.015243154038028617 0.9464285034640002 0.0 0.0 0.0 0.0 0.0 0.0
54.70702086877548 49.35340094698897 47.44770695333655 0.4896591273488071 0.7915619053171347 -0.3656004500198438 0.4537679414584829 0.12670177232684765 0.882066503271588 0.0 0.0 0.0 0.0 0.0 0.0
55.230549921509855 49.37598300112715 47.771048322965456 -0.15679361549203868 0.9559573031392422 -0.24811569219959045 0.40742911524843956 0.2914577885231609 0.8654789850464668 0.0 0.0 0.0 0.0 0.0 0.0
55.57336150598251 49.62479543818465 48.069163606216264 -0.6815983816326086 0.7187142045603994 -0.13738099693524533 0.28588609815095334 0.43439177220625386 0.854150412470505 0.0 0.0 0.0 0.0 0.0 0.0
55.81894408654892 50.05463600291243 48.3748126408952 -0.9621659496151396 0.25608040478603744 -0.09305649727888796 0.06813238601264698 0.556817872535522 0.8278356327201908 0.0 0.0 0.0 0.0 0.0 0.0
55.82114898156845 50.618265749349504 48.56433013891156 -0.9510059182091452 -0.2185736950636923 0.21866248731180543 0.08199324044960633 0.5036234388979133 0.8600235696265618 0.0 0.0 0.0 0.0 0.0 0.0
55.62005340051376 51.04528916014662 48.85841564898665 -0.4058574531242959 -0.8061204158048005 0.43063859902028634 0.07055869640823567 0.44214760111784557 0.8941627196360317 0.0 0.0 0.0 0.0 0.0 0.0
55.249714960572355 51.194458605184465 49.28828384046729 0.23978720009636165 -0.940500883572416 0.24074921945761682 -0.0403946112614009 0.23810373573838362 0.9703993437799029 0.0 0.0 0.0 0.0 0.0 0.0
55.060437311646574 51.09388458861342 49.707733646680666 0.7518193942013489 -0.621312677843272 0.2207671960548913 -0.15414703194755575 0.1599221478036459 0.975019794252213 0.0 0.0 0.0 0.0 0.0 0.0
54.93420134973251 50.839587332143694 50.194481388379884 0.9908984832899945 -0.10493277170482936 0.0843167197887233 -0.09417717994809419 -0.0928594722831231 0.9912153031427247 0.0 0.0 0.0 0.0 0.0 0.0
54.84068023156845 50.57942545546523 50.654036179830385 0.9640776147325524 0.2550223387952229 -0.07428296902390862 0.15587549517781657 -0.31673962556360236 0.9356168230642817 0.0 0.0 0.0 0.0 0.0 0.0
54.97842894983017 50.15879345072737 50.9781977093714 0.6534101913592707 0.7527711697030554 0.0799417781371829 0.19016471402617036 -0.2654399154610783 0.9451873003904359 0.0 0.0 0.0 0.0 0.0 0.0
55.418286432740324 50.01625013483992 51.27956594591315 -0.017633447361396645 0.9857647822227267 0.16720303724374416 0.17351410609426607 -0.16167457495855325 0.9714701162662076 0.0 0.0 0.0 0.0 0.0 0.0
55.782498468873136 50.0960786355876 51.67091573839362 -0.6961011911764348 0.7087701584692493 0.1144027714097191 0.024147005842601182 -0.13614446738520328 0.9903946718905738 0.0 0.0 0.0 0.0 0.0 0.0
55.87926970910751 50.27074337138167 52.21297706728156 -0.969506362076135 0.1964511618856194 -0.14650718374089475 -0.1931079271130461 -0.2443245767814567 0.950270924350874 0.0 0.0 0.0 0.0 0.0 0.0
55.76178466272079 50.495290280713945 52.66924132471259 -0.9065515238794825 -0.3597810422711889 -0.2207304604581018 -0.23693317368686645 0.0009641002667286 0.971525471471204 0.0 0.0 0.0 0.0 0.0 0.0
55.483906855103605 50.57112467421523 53.16692151193793 -0.5453962845518376 -0.7217856316926088 -0.4261084306595591 -0.41879468654138413 -0.20570302687286549 0.8844757064272849 0.0 0.0 0.0 0.0 0.0 0.0
55.03411590051376 50.59546339644423 53.4325913346308 0.012264253923417866 -0.9486608430011639 -0.31605726226749264 -0.6384887296489267 -0.2506829131563242 0.7276607857805437 0.0 0.0 0.0 0.0 0.0 0.0
54.568860163209074 50.41103696955672 53.53453053598578 0.5338788034543738 -0.8406335118600791 0.09115219119646151 -0.6903933083053908 -0.3711275803094284 0.6209842179804623 0.0 0.0 0.0 0.0 0.0 0.0
54.172024836060636 50.061582805051714 53.56739415292914 0.6907572181217445 -0.511517659428691 0.5110813533140327 -0.7223927957549018 -0.4572196782868102 0.5187473512498382 0.0 0.0 0.0 0.0 0.0 0.0
53.936673273560636 49.593225003614336 53.590662852575136 0.6322791946463021 -0.09126667183663634 0.7693460954793279 -0.6144432488139868 -0.6639294025651046 0.42621267273094554 0.0 0.0 0.0 0.0 0.0 0.0
53.88329802942001 49.12573194636336 53.7361163056391 0.1846267274188216 0.47831275693270336 0.8585626815079102 -0.5756739818747796 -0.6554025180319241 0.4889243356081283 0.0 0.0 0.0 0.0 0.0 0.0
53.86160766076767 48.6537232412242 54.11644162302191 -0.13568281626862855 0.8719753897393989 0.47037122898646433 -0.7550913270788209 -0.3983788247582431 0.5207027940721907 0.0 0.0 0.0 0.0 0.0 0.0
53.63345824670517 48.53903508691421 54.60783471231635 -0.289369837022987 0.9333825517398485 -0.21227837744080058 -0.8237862005336001 -0.12989277011543926 0.5518189595167539 0.0 0.0 0.0 0.0 0.0 0.0
53.37714110803329 48.623188258542925 55.071792498876405 -0.4126238240127427 0.6590878032543388 -0.6287645405543087 -0.890925682128602 -0.14824361178199386 0.4292729440455277 0.0 0.0 0.0 0.0 0.0 0.0
53.228657831666105 48.88889742030135 55.39231576090033 -0.6331932628138104 0.07930278882565922 -0.769920359265602 -0.7693590510033149 -0.17318393484437206 0.614893466668088 0.0 0.0 0.0 0.0 0.0 0.0
52.81223021936142 49.10438180102339 55.60732926492865 -0.35584102962151604 -0.5236955089612902 -0.7740285366391053 -0.8716362654294696 -0.11276135202440515 0.47700639228190195 0.0 0.0 0.0 0.0 0.0 0.0
52.25445281457626 49.219610692396074 55.72798241739447 0.03615140543009616 -0.8337252474443738 -0.5509948163633178 -0.8443506856059411 -0.32041302473983474 0.4294268427728374 0.0 0.0 0.0 0.0 0.0 0.0
51.74063598108017 49.06742239130965 55.664229289342714 0.2956868439726724 -0.9355387976832751 -0.19322641726951462 -0.860763260335581 -0.34864892922488117 0.3708510938460401 0.0 0.0 0.0 0.0 0.0 0.0
51.24473296594345 48.72550368441573 55.69017018442328 0.6487346608941759 -0.7220132175454234 0.24050000716054887 -0.750054569668441 -0.5531817427119896 0.36250255454219404 0.0 0.0 0.0 0.0 0.0 0.0
50.97356902551376 48.287216187848955 55.67925538187201 0.6205902690373247 -0.42687403740577995 0.6577585226852404 -0.7346800347974326 -0.6097199784372079 0.2974672996559019 0.0 0.0 0.0 0.0 0.0 0.0
50.712552179810636 47.81971740855208 55.78847207193549 0.5415828153915163 0.2974149905726436 0.7862775447990823 -0.6487701972088148 -0.4469223445189323 0.6159201646182206 0.0 0.0 0.0 0.0 0.0 0.0
50.680859674927824 47.39525520934096 56.1269854462641 0.1170783709029472 0.8291559666726672 0.5466196465530916 -0.6852451629787472 -0.3309477599902011 0.6487778100179589 0.0 0.0 0.0 0.0 0.0 0.0
50.50120269250595 47.20639562739363 56.669271365453554 -0.04768253100836839 0.9935341802392245 0.10303498887760432 -0.637394824985429 -0.10968562010110022 0.7626905675467812 0.0 0.0 0.0 0.0 0.0 0.0
50.447529901978605 47.29454505576125 57.202705279638124 -0.5382984744956392 0.7539522463429056 -0.37655114206459983 -0.7280055284596215 -0.19091889578074492 0.6584511567049514 0.0 0.0 0.0 0.0 0.0 0.0
50.31918822717392 47.51849234236708 57.67406834726508 -0.7185858664713941 0.29680317592740074 -0.6289214794129424 -0.6372502222079676 0.08110474467670505 0.7663773056966277 0.0 0.0 0.0 0.0 0.0 0.0
49.90326415490829 47.658381463422685 57.98441018228705 -0.5719519066097322 -0.20925731947127169 -0.7931471432043303 -0.8166265748186131 0.054010104976446455 0.5746337493225171 0.0 0.0 0.0 0.0 0.0 0.0
49.4620791573497 47.92784726752272 58.14620579843695 -0.35162711355553355 -0.7392444303161033 -0.5743483657670001 -0.8535951935517998 0.001283566850982687 0.5209353107645942 0.0 0.0 0.0 0.0 0.0 0.0
48.94882692885124 48.04810774458876 58.10989846353705 0.008476377621317727 -0.9992889852261441 0.03673792356849204 -0.8479916130732026 0.012287059936974487 0.5298672025287218 0.0 0.0 0.0 0.0 0.0 0.0
48.42675508302175 47.99131572379103 58.08015526895697 0.3070317034430029 -0.8593518244390957 0.4089571798050322 -0.8321699025455427 -0.03392330474161698 0.5534821249984043 0.0 0.0 0.0 0.0 0.0 0.0
47.921406855103605 47.68791270388594 58.27161206369574 0.688997381413856 -0.32684316675489594 0.6468818692392615 -0.7020258769180494 -0.07915243506583473 0.7077390480682783 0.0 0.0 0.0 0.0 0.0 0.0
47.62619506311142 47.40267562998763 58.56951226358588 0.7291998935735494 0.34421397597603687 0.5914256115143247 -0.6251055053488633 -0.016561530274380787 0.78036454487471 0.0 0.0 0.0 0.0 0.0 0.0
47.4796572823497 47.14444065226546 58.97069253091986 0.5002120420949241 0.7628184989653536 0.409750961657774 -0.586754748463978 -0.04939852381473758 0.8082565502363086 0.0 0.0 0.0 0.0 0.0 0.0
47.455472101685636 47.05280316008559 59.53106965189154 0.06050945826933303 0.9968709434376075 -0.05086184807658484 -0.4188304989429595 0.07160927751487206 0.9052365019866295 0.0 0.0 0.0 0.0 0.0 0.0
47.58157836389267 47.306832195653826 60.0207957184809 -0.3677480948430319 0.8997001107695438 -0.2351617516106551 -0.07136982220915972 0.22482996909665348 0.971780753809125 0.0 0.0 0.0 0.0 0.0 0.0
47.76445495080673 47.650550485982805 60.41393078928168 -0.9068147046517291 0.3414339090139097 -0.24720432278355914 -0.16676065712242627 0.24802527028757093 0.9542925906318636 0.0 0.0 0.0 0.0 0.0 0.0
47.688366999146574 48.014901162519365 60.80037011270697 -0.9381224559484709 -0.2508026055178112 -0.23879763547968108 -0.2975118498932083 0.23077404654773867 0.9264070588100585 0.0 0.0 0.0 0.0 0.0 0.0
47.43535338830673 48.337602139844805 61.114869967748476 -0.74371820433974 -0.6656519089251935 -0.06156921859109646 -0.3423835246405432 0.3001882325119637 0.8903148584158648 0.0 0.0 0.0 0.0 0.0 0.0
47.090840448853605 48.58244013918868 61.48309125070746 -0.3857499407853476 -0.9192973486887918 -0.07803440188698013 -0.4395718087862139 0.10876732464650177 0.8915976076738085 0.0 0.0 0.0 0.0 0.0 0.0
46.560757746216886 48.64703536166182 61.71112431650336 0.19642611622301281 -0.9553016496213018 0.22094238863641133 -0.5675017872217522 0.07299202231870183 0.8201304080315174 0.0 0.0 0.0 0.0 0.0 0.0
46.10663329553329 48.55122924356094 62.02826489572699 0.6626359941364302 -0.6774960336999372 0.31923762872769007 -0.44888465439236697 -0.018063514955518528 0.8934071168725359 0.0 0.0 0.0 0.0 0.0 0.0
45.75976287317001 48.31110692156783 62.28736485605414 0.8591509549543419 -0.22529842263529873 0.4594564803755507 -0.4931019183716527 -0.12449683417032785 0.8610174425525665 0.0 0.0 0.0 0.0 0.0 0.0
45.673787226197355 47.91993653906813 62.680339709569765 0.7563475934099865 0.5377560817206959 0.372500623509983 -0.3615971116468592 -0.13084881111020658 0.9231067746906066 0.0 0.0 0.0 0.0 0.0 0.0
45.66370116662704 47.65482235087386 63.094001666356874 0.20418339407828587 0.9702169777127212 0.13033862720108969 -0.36764460419496525 -0.047397730632965485 0.9287577187497137 0.0 0.0 0.0 0.0 0.0 0.0
45.86069213342392 47.62582206858626 63.606738940526796 -0.27761165107006475 0.96041394435004 -0.0231695206715882 -0.23731778259125144 -0.045187734277176886 0.9703805123439295 0.0 0.0 0.0 0.0 0.0 0.0
45.89719878625595 47.808514715566545 64.10484494333441 -0.6296551699707901 0.7159916103320917 -0.3014803158800151 -0.20826839181332613 0.21829076635670577 0.9534009745615394 0.0 0.0 0.0 0.0 0.0 0.0
45.934903254029386 48.17802524699202 64.48935116892035 -0.9380939722236068 0.03512023808415051 -0.3445958040293693 -0.3318795925643512 0.1937084146077647 0.9232188181300609 0.0 0.0 0.0 0.0 0.0 0.0
45.780102838990324 48.49741197067617 64.8357371247309 -0.8245352455046361 -0.4861464270069058 -0.2894879624941747 -0.3850522564406225 0.10723493016731896 0.9166435673488333 0.0 0.0 0.0 0.0 0.0 0.0
45.43749724817001 48.64993167056075 65.25220479135687 -0.39811319478941154 -0.888501546912436 -0.22819045832106155 -0.44926535347872576 -0.02803162546384466 0.8929584929533344 0.0 0.0 0.0 0.0 0.0 0.0
45.075101007935636 48.648902894391924 65.51790227060492 0.22614066181196885 -0.9728946172517701 0.04833699202243388 -0.47305536924251645 -0.06630869168275527 0.878533878139112 0.0 0.0 0.0 0.0 0.0 0.0
44.685208429810636 48.455070977493435 65.89852322702582 0.5603498320280869 -0.8275634290947925 0.03386497557895585 -0.4052798807089501 -0.2383016270938053 0.8825874193625152 0.0 0.0 0.0 0.0 0.0 0.0
44.338269342896574 48.130244256391435 66.1583460724848 0.8840103291229775 -0.33451711218660674 0.32653336683747675 -0.40654457676894556 -0.2053451842836133 0.8902555039938185 0.0 0.0 0.0 0.0 0.0 0.0
44.19480620813095 47.836038948430925 66.56766690378363 0.9856028181604853 0.11355937468439672 0.12526513184201646 -0.059613869137859356 -0.4598958858421524 0.8859695033080291 0.0 0.0 0.0 0.0 0.0 0.0
44.2499209542247 47.41336584223738 66.85497464304144 0.6870000446160068 0.6400792351096484 0.34399056888096763 0.04774783769860591 -0.512128024728226 0.8575809176299766 0.0 0.0 0.0 0.0 0.0 0.0
44.62785827111923 47.07105434073439 67.13932789926703 0.07966813318649195 0.9172361492609191 0.3902958301642239 0.1482867074994933 -0.3980890409232327 0.9052823691400275 0.0 0.0 0.0 0.0 0.0 0.0
44.98938476037704 46.98435258997908 67.5051707184809 -0.3779497766799522 0.8465104634772945 0.3749319958752927 0.33497815347563575 -0.25250055294724877 0.9077626933595516 0.0 0.0 0.0 0.0 0.0 0.0
45.32604705285751 47.121574999227434 67.9140833771723 -0.8538196314627425 0.44252652674152715 0.2741574548665545 0.16712230119188845 -0.26575747482748024 0.9494435744253836 0.0 0.0 0.0 0.0 0.0 0.0
45.45249663781845 47.20237267149916 68.42791737680609 -0.9993672317601396 0.02925395949971249 0.020232200514633963 0.014101200932771365 -0.19635039907081717 0.9804323928333785 0.0 0.0 0.0 0.0 0.0 0.0
45.343945612427824 47.38102090491286 68.96687878732855 -0.8127189374681171 -0.557587790290588 -0.16906739721056185 -0.04274170987411517 -0.23233165367413333 0.9716970458625874 0.0 0.0 0.0 0.0 0.0 0.0
45.06168090295517 47.51451683176985 69.37183751230414 -0.4631631048116825 -0.869447303899521 -0.17187589733018566 -0.2249360629448574 -0.07226205649134168 0.9716902607202098 0.0 0.0 0.0 0.0 0.0 0.0
44.83740722131454 47.48113691939345 69.84579266672309 0.09322290293978122 -0.9557853927888357 -0.2788974243319065 -0.3545933877280399 -0.2936218816055358 0.8877216455747695 0.0 0.0 0.0 0.0 0.0 0.0
44.45835601281845 47.25299549235335 70.05241574411566 0.7376535797953084 -0.6709958988677793 0.07504465282608552 -0.39220169980741104 -0.3353644172997251 0.856567880717806 0.0 0.0 0.0 0.0 0.0 0.0
44.23840819787704 46.817537547483354 70.33094967966254 0.9569207791160911 -0.23536587746353094 0.1700162528162399 -0.2613754779627534 -0.44331834232496903 0.8574098826570543 0.0 0.0 0.0 0.0 0.0 0.0
44.17864715051376 46.38271057738295 70.67345990305121 0.9619889357713387 0.21586234208751248 0.16727443535107564 -0.03245433314179194 -0.5178199366715717 0.8548738090769721 0.0 0.0 0.0 0.0 0.0 0.0
44.34690581750595 45.92369687689772 70.97086133127387 0.6009447564588053 0.7441782938937543 0.2916574473282787 0.05336477031104073 -0.40143690866226184 0.9143306894408261 0.0 0.0 0.0 0.0 0.0 0.0
44.677632441041105 45.702119947805315 71.32286061411078 -0.1059919798167254 0.9260578732231823 0.36219126943631164 -0.08245895548047769 -0.3711741893917672 0.9248947193007605 0.0 0.0 0.0 0.0 0.0 0.0
44.888692011353605 45.63208973540297 71.85889233713324 -0.594261965697458 0.8014459510401133 0.06735802614983093 -0.23651831767885778 -0.25419225663427836 0.9377874930225588 0.0 0.0 0.0 0.0 0.0 0.0
44.991665949341886 45.65241944922438 72.35204877023871 -0.9012892870632838 0.4173056904653339 -0.11633392338526519 -0.2211360512363825 -0.21225030868729552 0.9518658798936582 0.0 0.0 0.0 0.0 0.0 0.0
44.86259948205673 45.836742283239275 72.93473805551703 -0.9323556614609145 -0.09830959434324141 -0.34791973816075444 -0.33027749199398787 -0.15985886103881564 0.9302483124572352 0.0 0.0 0.0 0.0 0.0 0.0
44.5361758370372 46.02026355399123 73.28355015878851 -0.6476042260795923 -0.6236449558764435 -0.43780787495626533 -0.5626150373489328 0.0038671735240518867 0.8267099640852248 0.0 0.0 0.0 0.0 0.0 0.0
44.07780944299423 46.086810947790056 73.58675564890082 -0.16864173261028909 -0.9129305700345438 -0.37164195177428855 -0.6159705554809095 -0.19674254544962622 0.7628057718649888 0.0 0.0 0.0 0.0 0.0 0.0
43.534749140259855 46.11604130400649 73.64014042978461 0.32912500290811086 -0.943751551313997 0.031776435501172096 -0.6705590661419869 -0.20989360439961927 0.7115442457408553 0.0 0.0 0.0 0.0 0.0 0.0
43.16272460412704 45.88932430876723 73.8695334351557 0.7379610328804065 -0.6009175300115646 0.30710199620791123 -0.6243731848642138 -0.4352991750132914 0.6485929033340296 0.0 0.0 0.0 0.0 0.0 0.0
42.88953124475204 45.43090999258986 74.08938588266547 0.8634255573660811 -0.08697925242357392 0.4969214389970594 -0.5007282899320011 -0.26760983648028214 0.8231987336486678 0.0 0.0 0.0 0.0 0.0 0.0
42.846570124146574 44.98676574362746 74.33712948923285 0.6469825444165263 0.4853048576443467 0.5881265020105094 -0.367251091467122 -0.4776235160534674 0.7981243090702916 0.0 0.0 0.0 0.0 0.0 0.0
42.801045526978605 44.729866625204 74.77277936105902 0.27937054381271487 0.8063936160544076 0.5212306929148399 -0.15871945675386556 -0.49659338070766673 0.8533481987354798 0.0 0.0 0.0 0.0 0.0 0.0
42.981778254029386 44.47967183722487 75.26177586679633 -0.33577076549037804 0.9191338020258166 0.20603651864553646 -0.3499175962458822 -0.3247957234039586 0.8786725293850963 0.0 0.0 0.0 0.0 0.0 0.0
43.0159121651622 44.381533981695085 75.74888219003851 -0.6388964882494469 0.7643368986815335 -0.08718017329886196 -0.3717852841520143 -0.20756592064850327 0.9048160537221615 0.0 0.0 0.0 0.0 0.0 0.0
42.89268981408798 44.54626882208815 76.26059903268988 -0.8027999575383117 0.3234167898111928 -0.5009129747218648 -0.5599695098795996 -0.12038645872067492 0.8197202257855397 0.0 0.0 0.0 0.0 0.0 0.0
42.55890380334579 44.77828753127089 76.58950223093207 -0.721751364576694 -0.21695194015965652 -0.6572722597163527 -0.6721568331913856 -0.006908753875189105 0.7403765668320543 0.0 0.0 0.0 0.0 0.0 0.0
42.14828978967392 44.90408957137099 76.88020695810492 -0.425308109614727 -0.7210296516666022 -0.5470185127703506 -0.7837465010409586 -0.008840909302047895 0.6210179227919016 0.0 0.0 0.0 0.0 0.0 0.0
41.65008269738876 44.9776955856227 77.00942982797797 -0.03644823626284005 -0.9147452299876583 -0.4023837599706963 -0.8520307124220448 -0.18196772165056646 0.49084764781639256 0.0 0.0 0.0 0.0 0.0 0.0
41.151318659302824 44.93705046309462 76.98529042368109 0.27037876503402436 -0.9620994610454345 0.035495781083960565 -0.8912273075651219 -0.23617564744969538 0.38721434606938476 0.0 0.0 0.0 0.0 0.0 0.0
40.734280695435636 44.79001248015395 76.96544255380805 0.5164443635957121 -0.6913970815729072 0.5052279633023955 -0.8383134025799643 -0.2878522351667366 0.4630029479002446 0.0 0.0 0.0 0.0 0.0 0.0
40.35828935098373 44.439026237859636 76.90939702158148 0.43292225368643916 -0.12671404052098273 0.8924807416397852 -0.8545411504930999 -0.3728517073173014 0.36158128610936474 0.0 0.0 0.0 0.0 0.0 0.0
40.06055985879623 44.00579202307692 77.13082112436469 0.4367715976844489 0.40051284358316275 0.8054936583121574 -0.6809093539175718 -0.437963658955029 0.5869840587122257 0.0 0.0 0.0 0.0 0.0 0.0
39.88615952920639 43.59133517874709 77.63403309946234 0.1928949311133862 0.8965813904710134 0.3986644651982739 -0.7135813507895808 -0.15069388138387294 0.684173230928235 0.0 0.0 0.0 0.0 0.0 0.0
39.78227769326889 43.490850330724626 78.17001332407172 -0.2855395498591857 0.9566554820377849 -0.05724905373249706 -0.7192163573371937 -0.17442295292821058 0.6725358465021927 0.0 0.0 0.0 0.0 0.0 0.0
39.68353043985092 43.633630634679704 78.59062184457953 -0.574424957207066 0.7386609849066451 -0.3527264066020651 -0.5796995215787804 -0.06286841872753307 0.8124013950062079 0.0 0.0 0.0 0.0 0.0 0.0
39.481176008698576 43.757149578466326 79.05311955576117 -0.6565259976169145 0.45937531772811063 -0.5982874993807846 -0.5737084583256226 0.21085610607082764 0.791453288184644 0.0 0.0 0.0 0.0 0.0 0.0
39.16936265420639 44.1349791301631 79.43429555063422 -0.5843570843352003 -0.29214754773643076 -0.7570842808689492 -0.785646525413071 -0.029927200286412728 0.6179513733210616 0.0 0.0 0.0 0.0 0.0 0.0
38.810208906647794 44.50698650015822 79.52059926157172 -0.36746501134730003 -0.8334731876960056 -0.41266440460425946 -0.7462094351779897 -0.0006111360856635994 0.6657109773498037 0.0 0.0 0.0 0.0 0.0 0.0
38.26868974160873 44.597508312597185 79.60347355966742 0.09562970067703318 -0.9947801530836667 -0.03560066543279605 -0.7926318592875226 -0.09773436279654435 0.6018161928455885 0.0 0.0 0.0 0.0 0.0 0.0
37.694860090729826 44.426381946935564 79.70939625864203 0.5126789652630327 -0.8268898282121262 0.23111358803875365 -0.8214507155466093 -0.39409931035073476 0.41219468156326233 0.0 0.0 0.0 0.0 0.0 0.0
37.302579512116544 44.1102741969966 79.66638173227484 0.5632473168704525 -0.398682435896169 0.7237435839757984 -0.825437528837734 -0.3112244808736071 0.47094820149482375 0.0 0.0 0.0 0.0 0.0 0.0
37.09564744424545 43.64032352103224 79.85274495248969 0.5051056589627413 0.24581393888508069 0.8273111752742235 -0.7716759715111841 -0.30065088081573677 0.5604687706348964 0.0 0.0 0.0 0.0 0.0 0.0
37.63940202188217 43.873451115026384 80.81364621286566 -0.42878438030757876 -0.28300160105039635 -0.8579359236021987 0.8669084981080247 0.13831390409998484 -0.47889343265564704 0.0 0.0 0.0 0.0 0.0 0.0
37.98613511514389 43.64917647971144 80.54327954416449 -0.6089741363980948 0.40662887009041576 -0.6810311763841556 0.7686332512335653 0.09053569747049603 -0.6332505132896855 0.0 0.0 0.0 0.0 0.0 0.0
38.21439897012436 43.445416809453874 80.10053624277289 -0.3901143664104815 0.8424392260356637 -0.3716274095873182 0.5749867944795705 -0.09234850721274743 -0.8129341543997799 0.0 0.0 0.0 0.0 0.0 0.0
38.2738090653392 43.414903999700456 79.49860371713812 0.06288298206144627 0.9876740909488058 0.14333743626669773 0.577189725240489 0.08117619319087802 -0.8125653492094318 0.0 0.0 0.0 0.0 0.0 0.0
38.35170518350326 43.53915202750197 79.03926457529242 0.33828252206663045 0.8247242820251288 0.45320502413629005 0.5168634297179365 0.23961940706538737 -0.8218483648324938 0.0 0.0 0.0 0.0 0.0 0.0
38.408292402741544 43.76188838614455 78.60222615366156 0.7152458047247338 0.3040395484566947 0.6292721126809269 0.6222903929691268 0.1327473456916917 -0.7714485135316159 0.0 0.0 0.0 0.0 0.0 0.0
38.60613786172592 44.23330438269606 78.38301076059516 0.7525374633909762 -0.3328240859223045 0.5682565389179938 0.6444890036865031 0.19484857130328584 -0.7393699739563725 0.0 0.0 0.0 0.0 0.0 0.0
38.98290025186264 44.562142731084734 78.26374043588812 0.5082947650552134 -0.8527921774577222 0.11992470089344548 0.6529115624701354 0.2908072423122843 -0.6993837568971208 0.0 0.0 0.0 0.0 0.0 0.0
39.44103776406967 44.61422860754958 78.05799473886664 0.23807753659820843 -0.9684284273963912 0.07392880073342128 0.9242378619943474 0.20250343884975225 -0.32369234113605894 0.0 0.0 0.0 0.0 0.0 0.0
40.05675279092514 44.72089326514235 78.05608739023383 -0.13029085345672387 -0.9586503355892351 -0.25300954049237956 0.9353837690771136 -0.034234962397396096 -0.3519732545190637 0.0 0.0 0.0 0.0 0.0 0.0
40.50333129358017 44.477473617925554 78.14533986215766 -0.27537388965999315 -0.32035739071115654 -0.9063886380081481 0.9578409672264339 -0.011094244486988564 -0.28708465518378506 0.0 0.0 0.0 0.0 0.0 0.0
40.979085077759855 44.203223587407976 77.95763768320258 -0.466105294192395 0.213414681679894 -0.8586035338672269 0.8408368782446289 -0.19502244944072847 -0.5049352318842143 0.0 0.0 0.0 0.0 0.0 0.0
41.27135192346298 43.93279445303908 77.60995473032172 -0.4153401625347566 0.7470300750925416 -0.5190747694627754 0.8368672704101178 0.0901120644821482 -0.5399379478709418 0.0 0.0 0.0 0.0 0.0 0.0
41.572659601685636 43.80995786322585 77.14552678232367 -0.4813130391806901 0.8428673404407817 -0.24064996308524783 0.6874250251573653 0.1926191790447643 -0.700246161468606 0.0 0.0 0.0 0.0 0.0 0.0
41.61260711145126 43.83815276755324 76.58852566843207 -0.0754917101023932 0.9586625830527686 0.27434841636213114 0.7583523191712686 0.23384472300185377 -0.6084557547856247 0.0 0.0 0.0 0.0 0.0 0.0
41.682942499634855 44.09236419333449 76.18134678964789 0.45499803271767697 0.6439614527507147 0.615053198995203 0.6049541059448826 0.28331111682497945 -0.744154110909703 0.0 0.0 0.0 0.0 0.0 0.0
41.75970183801376 44.36670959128371 75.78472127084906 0.6488709844612354 0.3387602615908543 0.68132806392457 0.5525084196486199 0.4058934823188967 -0.7280006368324302 0.0 0.0 0.0 0.0 0.0 0.0
41.91226684045517 44.842124105825334 75.66585530405219 0.8606113046979337 -0.28369310958317406 0.42292600038440425 0.50756569537613 0.5455546369895455 -0.6668936968787081 0.0 0.0 0.0 0.0 0.0 0.0
42.212300409791105 45.284066082372576 75.67332829599555 0.7047534308454112 -0.7056033931184414 0.07380009032084056 0.5952817385694221 0.531539727400891 -0.6025820856284665 0.0 0.0 0.0 0.0 0.0 0.0
42.66721831750595 45.53824937476149 75.64005650644476 0.233137554322715 -0.8703539767670906 -0.43374051677256764 0.5747552806108369 0.4831152371000933 -0.660496809297122 0.0 0.0 0.0 0.0 0.0 0.0
43.20469390344345 45.661932112111955 75.40879048471625 -0.36974517426641557 -0.7448225754588016 -0.5554528217532211 0.4823305716620625 0.3570899857802333 -0.7999024701147137 0.0 0.0 0.0 0.0 0.0 0.0
43.61462127160751 45.5232380641841 75.02681340341742 -0.6173720655779215 -0.5303814329492736 -0.5809881825189959 0.6238425888430471 0.11983613825553797 -0.7723080501416547 0.0 0.0 0.0 0.0 0.0 0.0
43.938443293091886 45.27861154211989 74.67514218454535 -0.8617088985735806 0.12690677664123645 -0.49127634195189807 0.5069806904810441 0.1758499359791573 -0.8438289989657207 0.0 0.0 0.0 0.0 0.0 0.0
44.121731867310636 45.2254184497737 74.16995610361273 -0.8974221006952751 0.3964896175674645 -0.19346719707714213 0.27800317746547215 0.16772253005079046 -0.9458241835734923 0.0 0.0 0.0 0.0 0.0 0.0
44.0795107979747 45.017313362493425 73.69824971323187 -0.5235852929951119 0.8508423433893313 -0.04388334142899503 0.12379492372865994 0.025016689703070444 -0.9919924304627104 0.0 0.0 0.0 0.0 0.0 0.0
43.847676386353605 44.99101698531142 73.21056737070258 0.19693728996023424 0.9469674447490142 0.25390620789701324 0.1771009669862302 0.22035691886540268 -0.9592070036236644 0.0 0.0 0.0 0.0 0.0 0.0
43.81267272424423 45.242901922597795 72.7515200531977 0.5748401035626799 0.6775645001113932 0.45876486736109673 0.1703830458001639 0.4492520459059833 -0.8770075352886925 0.0 0.0 0.0 0.0 0.0 0.0
43.802388300416105 45.71955144537917 72.43472279672797 0.8393970931368661 0.14136797594916137 0.5248119810078813 0.35346049952947584 0.5915343608039819 -0.7246742545865682 0.0 0.0 0.0 0.0 0.0 0.0
43.907971491334074 46.227451921834856 72.26123608713324 0.9283407092498258 -0.36439461085793284 0.07348533953943603 0.28054666874972967 0.5571028459958737 -0.7816201031426503 0.0 0.0 0.0 0.0 0.0 0.0
44.219075312134855 46.58007300032607 71.93883885507758 0.5735566358967499 -0.8188977894298665 -0.020957000875150927 0.3817621936545875 0.2898467663106251 -0.877636872262846 0.0 0.0 0.0 0.0 0.0 0.0
44.71574889611923 46.80905819071761 71.74716939096625 -0.0553793027325572 -0.9418579286173587 -0.33141631693305923 0.42574509155632406 0.2779634592539005 -0.8610908386083912 0.0 0.0 0.0 0.0 0.0 0.0
45.073628534791105 46.75560379160872 71.38941182260687 -0.6575960141875596 -0.6281757565841741 -0.41588784661797296 0.44792041699584106 0.11786273651408369 -0.8862706558268095 0.0 0.0 0.0 0.0 0.0 0.0
45.320706476685636 46.536878825559526 70.93403424387152 -0.9651775924968193 0.025219921888252367 -0.2603769776343409 0.2555716717708401 0.3032788077037949 -0.9179896978648631 0.0 0.0 0.0 0.0 0.0 0.0
45.39385711145126 46.521454931631 70.40316952829535 -0.9892869703792402 0.13318867444674604 0.05976677368725082 -0.03568592688014098 0.1763497257009181 -0.983680481085152 0.0 0.0 0.0 0.0 0.0 0.0
45.231045832154386 46.409544111623674 69.91539372568305 -0.6627045841651789 0.6970264224231307 0.27381891930702773 -0.23254068634242997 0.15603057027244244 -0.9599892136559911 0.0 0.0 0.0 0.0 0.0 0.0
44.96197997522079 46.32662522925368 69.54067982797797 -0.09721399661862462 0.965809654035954 0.24033549682139146 -0.2455195337586041 0.21074452311621034 -0.9462065865969645 0.0 0.0 0.0 0.0 0.0 0.0
44.65491210412704 46.453685642614275 69.08565892343695 0.1643907324115167 0.9472550890170724 0.2751063129563971 -0.19908427659918718 0.30502350545926643 -0.9313034478237042 0.0 0.0 0.0 0.0 0.0 0.0
44.345593561646574 46.75576806200972 68.77454938059027 0.764529597563438 0.6096251941970404 0.2094077769561317 -0.10587615731574376 0.43922351039744295 -0.8921171151963175 0.0 0.0 0.0 0.0 0.0 0.0
44.240071405884855 47.16269445551863 68.4985903656977 0.9960755007297196 0.0777190636653878 -0.042347892379830464 -0.06545951690033674 0.3248571703994876 -0.943495029391895 0.0 0.0 0.0 0.0 0.0 0.0
44.30211364221298 47.60463166369429 68.23330105905707 0.8674207433509173 -0.41491195409946147 -0.2746439956560288 -0.04588879774238723 0.48290474715860415 -0.8744696812431196 0.0 0.0 0.0 0.0 0.0 0.0
44.429577936646574 47.992851854696184 67.86712636118109 0.5074966799146002 -0.8412058562497735 -0.18660071620104393 0.11117030940282177 0.27867437547097396 -0.953929638266441 0.0 0.0 0.0 0.0 0.0 0.0
44.76862060022079 48.16891527308455 67.60740460519965 -0.06979340114556948 -0.9232655958466616 -0.37776913675212104 0.26298270014096675 0.34826738569186844 -0.899749924973555 0.0 0.0 0.0 0.0 0.0 0.0
45.09460174035751 48.249180556669145 67.21515072946723 -0.6625429025949177 -0.6974250477358194 -0.27319444542631444 0.26461906094065313 0.12327214261166905 -0.9564417031073118 0.0 0.0 0.0 0.0 0.0 0.0
45.326497187134855 48.025094272031694 66.79321850900824 -0.9520734903561361 -0.21160904031375546 -0.22085670245336936 0.2322061072856818 -0.030055040743118887 -0.9722021488688246 0.0 0.0 0.0 0.0 0.0 0.0
45.37913238000595 47.586376072301775 66.45960225229437 -0.8380103698706522 0.47365464026838283 -0.2709057063656674 0.33023938922045987 0.04502863694453167 -0.9428225536452843 0.0 0.0 0.0 0.0 0.0 0.0
45.27641784143173 47.41879046095839 65.88126744394476 -0.45848370090437596 0.8884039616561683 0.023045540103283912 0.34381453867328204 0.20122746219443244 -0.9172235667794774 0.0 0.0 0.0 0.0 0.0 0.0
45.20732604455673 47.48243713511458 65.35243977670844 -0.1130675923066285 0.9690767537385989 0.21933072045074178 0.15081139461010593 0.23492721205733175 -0.9602422237595702 0.0 0.0 0.0 0.0 0.0 0.0
44.93834411096298 47.5624853385829 65.01682843332465 0.43318044891247515 0.8798303590808935 0.1955843498840656 0.027415679972203524 0.20403797364907048 -0.9785790135706176 0.0 0.0 0.0 0.0 0.0 0.0
44.83318816613876 47.87089610232344 64.48462475900824 0.7298848578810105 0.6262878474887952 0.2739190141700071 0.11878585607018112 0.2784160595834797 -0.9530867841721876 0.0 0.0 0.0 0.0 0.0 0.0
44.808682550904386 48.25606227053633 64.07148541574652 0.9289531855748034 -0.013810385781031692 0.36993952513215383 0.37009357752009825 0.05828966940176944 -0.9271639867463615 0.0 0.0 0.0 0.0 0.0 0.0
45.125866999146574 48.57469225062361 63.689691439916444 0.7194055058486792 -0.5072971612632983 0.4744526407649188 0.5768343360451949 0.0558294413644177 -0.8149510551169536 0.0 0.0 0.0 0.0 0.0 0.0
45.59666167688095 48.74460506571761 63.5248240387934 0.30599239662654726 -0.9378946800439922 0.16346933153322235 0.39543022526810395 -0.030986232423688087 -0.9179731969641605 0.0 0.0 0.0 0.0 0.0 0.0
46.044873346802824 48.77966690196028 63.27527798776801 -0.3640823945730018 -0.9223405960039472 -0.12935159421156264 0.5958817569814866 -0.12394118302789767 -0.793450385875703 0.0 0.0 0.0 0.0 0.0 0.0
46.543294062134855 48.59849929942122 63.163379565526796 -0.642305511564853 -0.6509571324221063 -0.4045966405720648 0.6098003912770263 -0.11423388312336061 -0.7842793524917916 0.0 0.0 0.0 0.0 0.0 0.0
46.856885065552824 48.205519439115434 62.84142293100531 -0.9011455389584084 -0.006085639607086246 -0.4334739699289124 0.4096786107198287 -0.3389570387920348 -0.8469188637478832 0.0 0.0 0.0 0.0 0.0 0.0
46.91678344201767 47.797199608220964 62.46795643930609 -0.6995196436116566 0.5922887817887602 -0.399832799015548 0.18550749165094593 -0.3898228884439464 -0.9020116884977673 0.0 0.0 0.0 0.0 0.0 0.0
46.75121795129501 47.52218115462294 62.01263989572699 -0.16094960670808717 0.9355475100551626 -0.31439796521303637 0.23344673300319735 -0.27342556986587824 -0.9331350816434101 0.0 0.0 0.0 0.0 0.0 0.0
46.71355163049423 47.46067106856337 61.418981448461366 0.19942253389145725 0.9772661113232218 0.07198333581808447 0.17302961830058927 0.03718642035873934 -0.984214367570224 0.0 0.0 0.0 0.0 0.0 0.0
46.529072870728605 47.61221325530043 60.98334874277289 0.7442143777989215 0.651659984650676 0.14657497836413022 0.12592760699251923 0.0786202455935347 -0.9889191548250799 0.0 0.0 0.0 0.0 0.0 0.0
46.501477350709074 47.891841293706804 60.52406491403754 0.9507582397583064 0.09175715732296055 0.29603951359860126 0.2988090824336642 -0.01776217445072805 -0.9541475972898185 0.0 0.0 0.0 0.0 0.0 0.0
46.69147216272079 48.15650653971663 60.04937829141791 0.8037846829859309 -0.5127647231629372 0.3016662428526648 0.33713545249022076 -0.025195769951632835 -0.9411189403315389 0.0 0.0 0.0 0.0 0.0 0.0
47.070637812134855 48.281868935956865 59.64223183756049 0.4246630108054804 -0.7789401078592302 0.46142565557397835 0.5656503835807003 -0.1696674003183644 -0.807002240904085 0.0 0.0 0.0 0.0 0.0 0.0
47.603421320435636 48.30813121928206 59.394567385961366 -0.09865925500770706 -0.9731952130052289 0.20774366123911173 0.5943310195980857 -0.22506499298952184 -0.7720857388102218 0.0 0.0 0.0 0.0 0.0 0.0
48.067212243792646 48.13788390292159 59.41038502817328 -0.44807051995424046 -0.839399357901472 -0.307638630705789 0.6833928317321093 -0.09974068400282682 -0.7232053881794693 0.0 0.0 0.0 0.0 0.0 0.0
48.50832094088667 47.80830037726393 59.319250003148866 -0.6944909130829692 -0.392380930348482 -0.6030916822043261 0.7192302448152631 -0.4016118922871112 -0.5669353957167806 0.0 0.0 0.0 0.0 0.0 0.0
48.75082125258171 47.35935044421187 59.08535470133002 -0.6782186990364804 0.2997993122233884 -0.6709245625758886 0.5837101572989878 -0.33487119225524264 -0.7396916498538721 0.0 0.0 0.0 0.0 0.0 0.0
48.84359469008171 47.00331103934279 58.50368680124457 -0.4278980714965804 0.8501828729352497 -0.306744719558581 0.4960368978571135 -0.06280531043307694 -0.866027071716408 0.0 0.0 0.0 0.0 0.0 0.0
48.855038781878584 46.841654063596636 58.01592816476996 0.21924138690551248 0.9708482302222479 0.09688616073555778 0.7055913136937282 -0.08918527997367504 -0.7029842700060762 0.0 0.0 0.0 0.0 0.0 0.0
48.97536196303093 47.04958152903548 57.517033473302675 0.46969015880317966 0.6873092997690048 0.554073173122904 0.6941498985196213 0.10026800873757039 -0.712812910102645 0.0 0.0 0.0 0.0 0.0 0.0
49.191372980591886 47.42579114569655 57.07813157205756 0.6169381883703839 0.2504853683422228 0.7460860218344331 0.7313262424020711 0.1677904101954662 -0.6610660371101398 0.0 0.0 0.0 0.0 0.0 0.0
49.48168670129501 47.934637428655535 56.91087140207465 0.7133559798362782 -0.32094557945166224 0.6229905144239842 0.6924665466279489 0.1861090368882741 -0.697031927668799 0.0 0.0 0.0 0.0 0.0 0.0
49.885815729615324 48.20158839358321 56.72682274942572 0.4336384069212872 -0.764076505630537 0.4776450832848559 0.8619226043670106 0.19714495046650682 -0.4671437600854248 0.0 0.0 0.0 0.0 0.0 0.0
50.345669855591886 48.37883401049605 56.83230008249457 0.21770118316824588 -0.9721898429620137 -0.08633136213822268 0.8861459485339753 0.2339550152568542 -0.40001301070463463 0.0 0.0 0.0 0.0 0.0 0.0
50.866528620240324 48.39299845828047 56.85651768808539 -0.15372994392034794 -0.7748822804300847 -0.6131268676364774 0.7968677279397545 0.2696786449989329 -0.5406248723465032 0.0 0.0 0.0 0.0 0.0 0.0
51.32578002404892 48.180298568143755 56.77710808878119 -0.5120309523184468 -0.3000474820775291 -0.8048576348440755 0.7773013995468057 0.23690753475018497 -0.5828184573614386 0.0 0.0 0.0 0.0 0.0 0.0
51.73614989709579 47.97412490977278 56.49187554483588 -0.6760060361070706 0.22714285610789803 -0.7010149513854558 0.7350040240974487 0.27596625947827197 -0.6193639545454097 0.0 0.0 0.0 0.0 0.0 0.0
52.04668151330673 47.912224294080644 56.01524628763373 -0.7150436924814467 0.6353945852608017 -0.2915239936330324 0.6152310946820542 0.3739296704004582 -0.6940225513126544 0.0 0.0 0.0 0.0 0.0 0.0
52.157368769166105 47.95919525755873 55.46865548258002 -0.3561269532563437 0.9045190810192258 0.234560920096442 0.6649066343504872 0.4216638754339305 -0.6165214868524425 0.0 0.0 0.0 0.0 0.0 0.0
52.29575072717392 48.19008469714156 55.102795497228456 0.0080585480418221 0.8495176003486705 0.5274987265399742 0.5249742380437654 0.4453786116360034 -0.7252861102265467 0.0 0.0 0.0 0.0 0.0 0.0
52.25977050256454 48.56523728503218 54.72052849893744 0.556263673387721 0.37602467309263976 0.7410642150952725 0.5486981390206161 0.5035367925259527 -0.6673687517467298 0.0 0.0 0.0 0.0 0.0 0.0
52.42199431848251 49.11541748179427 54.55455292825873 0.6903129469334712 -0.19058567753681932 0.6979578316874581 0.7052453521184635 0.3926445106336196 -0.5903043973956061 0.0 0.0 0.0 0.0 0.0 0.0
52.816189875123136 49.456702948942095 54.38997639780219 0.5306837909708358 -0.691266391075095 0.49043398186793297 0.8406325687227322 0.3553940101559815 -0.40869546357632996 0.0 0.0 0.0 0.0 0.0 0.0
53.291272272584074 49.65065455569258 54.48979272012885 0.30066015525788725 -0.9528142907724112 -0.041813853447994875 0.8683187008114004 0.2916055965005833 -0.4012341086083547 0.0 0.0 0.0 0.0 0.0 0.0
53.71360503625595 49.79281330241194 54.61267079477484 0.08254057217167349 -0.8838952061667209 -0.4603436960153393 0.945272248766428 0.21575093876792922 -0.24476909145727138 0.0 0.0 0.0 0.0 0.0 0.0
54.21532927942001 49.64407491816512 54.7746848023432 -0.347885142692858 -0.35983349834607214 -0.8657342438425301 0.8845576532449005 0.18004240272420052 -0.43028187424892916 0.0 0.0 0.0 0.0 0.0 0.0
54.70322143029892 49.54707622660628 54.54884232645209 -0.5990538861928236 0.08248385849084894 -0.7964489026458239 0.7994122511593409 0.11819101482373619 -0.5890423895708103 0.0 0.0 0.0 0.0 0.0 0.0
55.026204218384855 49.44397139681807 54.14979924326117 -0.7302619513791346 0.45119533189923544 -0.5129719825100365 0.6339211561481886 0.16761302572688455 -0.7550164510753543 0.0 0.0 0.0 0.0 0.0 0.0
55.183972467896574 49.37393760813704 53.62562932138617 -0.5182146370316407 0.8552466740804704 0.0025916096268932542 0.5650815280251258 0.3446680067969269 -0.7495911097227757 0.0 0.0 0.0 0.0 0.0 0.0
55.18213378381454 49.474726678266435 53.06186284189398 -0.29735084744717966 0.9049033021976964 0.30452009325190427 0.2224895674085739 0.3758385832024829 -0.8995797639846597 0.0 0.0 0.0 0.0 0.0 0.0
54.95635711145126 49.65063238276473 52.642871753026796 0.30817759942491685 0.8383682879256341 0.449627824999006 0.06493634161862305 0.45299102463145846 -0.88914700873395 0.0 0.0 0.0 0.0 0.0 0.0
54.73746215295517 50.006165505781084 52.28120197420294 0.7908612342282149 0.4978720032938957 0.355896019268476 0.08544659556326151 0.4860087640314845 -0.8697668426602827 0.0 0.0 0.0 0.0 0.0 0.0
54.72150145959579 50.53321230544081 52.07981361513312 0.9797899380497714 -0.19733801289475905 0.032701467293883665 0.11781465971094972 0.4372019116599482 -0.8916132538259398 0.0 0.0 0.0 0.0 0.0 0.0
54.99960814904892 50.965640188589006 51.84210552339728 0.6884890240952655 -0.7118981706674152 -0.13850580601814683 0.17580334669029718 0.3491029483224704 -0.9204457152733394 0.0 0.0 0.0 0.0 0.0 0.0
55.304394831177824 51.23164093626967 51.496520654012514 0.14416206847196972 -0.9809188540047522 -0.13044347385701732 0.26661168272862096 0.1654479587276781 -0.9494973320581039 0.0 0.0 0.0 0.0 0.0 0.0
55.733594049927824 51.21959030760756 51.10282339220221 -0.5654598676661085 -0.820065938973856 -0.08801700854923122 0.1572731999471852 -0.0024513907359119264 -0.9875520904042647 0.0 0.0 0.0 0.0 0.0 0.0
55.99961577844345 50.87692845000258 50.68482793932135 -0.944199033665997 -0.3111563371728089 -0.10802739773501316 0.14520643096956545 -0.09884429997506874 -0.9844515715704452 0.0 0.0 0.0 0.0 0.0 0.0
56.09155761193954 50.64856732024184 50.22657062177832 -0.9863146909273899 0.16475453621589953 -0.00626683788610468 -0.04117685469474781 -0.28295744508173554 -0.9582481677051429 0.0 0.0 0.0 0.0 0.0 0.0
55.90362273645126 50.26962804926863 49.92407895689185 -0.7020918332191965 0.6985003595138876 -0.13843520320307875 -0.10757672888187107 -0.29621973845557137 -0.9490422087306704 0.0 0.0 0.0 0.0 0.0 0.0
55.5897647042247 50.05153393877974 49.52884723310645 -0.26498091237677396 0.9416566561093231 -0.20752796939444224 -0.2986547160756248 -0.2847862328525404 -0.9108798834881835 0.0 0.0 0.0 0.0 0.0 0.0
55.1161318917247 50.082010508909136 49.28305198316748 0.43890492091050914 0.8110675167097214 -0.3866936174012512 -0.47842185742166976 -0.15333921240691423 -0.8646384286391777 0.0 0.0 0.0 0.0 0.0 0.0
54.76190673303329 50.21553897990218 48.894955680419756 0.8660293121507046 0.3571212496284089 -0.3499394855680356 -0.34450923966196806 -0.08102626051538248 -0.9352797062346783 0.0 0.0 0.0 0.0 0.0 0.0
54.71189605188095 50.43337583674422 48.42895153974469 0.9348540043803212 -0.30295148193242194 -0.1851172333658538 -0.23386740126317943 -0.13317159341894091 -0.9631050645348446 0.0 0.0 0.0 0.0 0.0 0.0
54.777310480591886 50.58771813048354 47.876875892927 0.6304242737955161 -0.7570844924198248 0.17143017921828235 0.028180840826949202 -0.1983765420258239 -0.9797206682438433 0.0 0.0 0.0 0.0 0.0 0.0
55.03091918420517 50.549162985219866 47.382538334180666 0.12923240762627164 -0.9062948893809784 0.4024034769991891 0.0598835785422315 -0.3979329303203769 -0.9154579946603851 0.0 0.0 0.0 0.0 0.0 0.0
55.31021605920517 50.31634283198348 47.00971414213355 -0.5972978464878151 -0.6787648381654001 0.42721607770695685 0.04634549157157636 -0.5609964193699574 -0.8265198805020215 0.0 0.0 0.0 0.0 0.0 0.0
55.45865355920517 49.786985398664385 46.75894154672797 -0.9098027510287428 -0.31491631600451503 0.27034546072511734 -0.05461421617654086 -0.5548689432865241 -0.8301432064213488 0.0 0.0 0.0 0.0 0.0 0.0
55.43235503625595 49.27750492228499 46.4842065728205 -0.9805481318871113 0.17832683220738457 0.08200549961786754 -0.14936372548693577 -0.406868384664704 -0.9011928734011374 0.0 0.0 0.0 0.0 0.0 0.0
55.15105925988876 48.94066214694014 46.193483248998476 -0.7363076447298402 0.6721206343635653 -0.07813389261462658 -0.4234959572474011 -0.547812922364842 -0.7214930188748876 0.0 0.0 0.0 0.0 0.0 0.0
54.77133666467392 48.64011550082198 45.99726142053778 -0.44604664063777344 0.8787257460983369 -0.16995133868163065 -0.6207865956614118 -0.4405388820558061 -0.6484978766689492 0.0 0.0 0.0 0.0 0.0 0.0
54.28195678186142 48.46885109452835 45.790815726568056 0.06964325208028926 0.8656590217717199 -0.49576635168687083 -0.7274475517247059 -0.29599975609305856 -0.6190348971444026 0.0 0.0 0.0 0.0 0.0 0.0
53.80962859582626 48.4555151513063 45.58660973673041 0.44954647154347815 0.5887971853245931 -0.6717334623767418 -0.7930032979800204 -0.08307915103431096 -0.603525992858824 0.0 0.0 0.0 0.0 0.0 0.0
53.414563288209074 48.63414955271712 45.39650310640509 0.618433677575935 0.08136090001811236 -0.7816138371268435 -0.7854324618732678 0.03208568793710832 -0.6181151644032857 0.0 0.0 0.0 0.0 0.0 0.0
53.185872187134855 49.13020563258162 45.109647408773256 0.41512256424747734 -0.4672098781556108 -0.7806331958137689 -0.7826445110495113 0.2540735020843993 -0.5682554222025867 0.0 0.0 0.0 0.0 0.0 0.0
52.97874938440048 49.353184701337725 44.62480200891669 0.3620755639970977 -0.8418071194465713 -0.4003274404849731 -0.6127140099052208 0.10872291263783224 -0.7827904383252337 0.0 0.0 0.0 0.0 0.0 0.0
52.97783385705673 49.48302912844649 44.101452723790956 -0.15822168868480269 -0.9869722455813514 0.029183620094726415 -0.6121255749189819 0.07485307740146696 -0.7872098178590224 0.0 0.0 0.0 0.0 0.0 0.0
53.04947387170517 49.423284770383745 43.579790965368105 -0.5991587370400664 -0.7306745393719686 0.32729730420844244 -0.5526409558268648 0.08164479430517504 -0.8294106953166414 0.0 0.0 0.0 0.0 0.0 0.0
52.96429931115829 49.095680238141924 43.184235469152284 -0.8621940007351481 -0.18580311054596105 0.47127349724736756 -0.4538994497968043 -0.12973605364423185 -0.881557624809053 0.0 0.0 0.0 0.0 0.0 0.0
52.71641265344345 48.76790332926741 42.85470570688422 -0.7377539561808066 0.4208528137892644 0.5278276321539324 -0.5842685836560149 -0.006405607614305725 -0.8115350826327138 0.0 0.0 0.0 0.0 0.0 0.0
52.216389765259855 48.67312169207564 42.56277360086615 -0.3401900215071976 0.8214106293873021 0.4577721345784259 -0.6018678926866711 0.18383869591145863 -0.7771475880670801 0.0 0.0 0.0 0.0 0.0 0.0
51.69144164514267 48.718493462934404 42.38190545206244 0.09340284971832685 0.9398983617944219 0.3284310843398613 -0.7984242803832686 0.26778206222178125 -0.5392693535207701 0.0 0.0 0.0 0.0 0.0 0.0
51.22601806115829 48.88440442217818 42.333654300023866 0.4827022315077858 0.8181106641840237 -0.31255958927183747 -0.7735368259694982 0.23092327734111112 -0.5901823606742872 0.0 0.0 0.0 0.0 0.0 0.0
50.78526793908798 49.12334323061934 42.19379319315131 0.7415177410247051 0.5036254076609148 -0.44329774249819465 -0.6318092736801822 0.30182643091209704 -0.713945269117028 0.0 0.0 0.0 0.0 0.0 0.0
50.517293085572355 49.53148102892867 42.003868953039 0.7239665156677115 -0.13359609136912126 -0.67677512407213 -0.6496181839889275 0.1980499633742052 -0.7340111899953599 0.0 0.0 0.0 0.0 0.0 0.0
50.354268183228605 49.93447184695235 41.71221818094428 0.3898061332950132 -0.662880115796235 -0.6392504442920323 -0.6078861045054836 0.33621843218752906 -0.7193272202596732 0.0 0.0 0.0 0.0 0.0 0.0
50.277844538209074 50.22474146021834 41.242149726201845 0.09569829719133738 -0.9127700069433494 -0.39710546500812127 -0.438126071479469 0.31959117238644524 -0.8401827348991554 0.0 0.0 0.0 0.0 0.0 0.0
50.211873163697355 50.327197076215654 40.65175761346991 -0.36388399187572373 -0.9297073390944984 0.05685687373058185 -0.675719567581083 0.221475483212764 -0.703101469436458 0.0 0.0 0.0 0.0 0.0 0.0
50.02832519006454 50.20138359202376 40.17862309580023 -0.636059552647165 -0.4867152277831198 0.5987792018184284 -0.7157474791834579 0.08218524619702625 -0.6935064032509431 0.0 0.0 0.0 0.0 0.0 0.0
49.712369074341886 49.947592498197466 39.828198329259706 -0.6562391368900424 0.027390111833752943 0.7540556856012336 -0.7498561531478015 0.08765613300598304 -0.6557683675908881 0.0 0.0 0.0 0.0 0.0 0.0
49.391560663697355 49.67884040011397 39.64772500162299 -0.5707369703660085 0.49750724301114135 0.6532578769589259 -0.7807539537269577 -0.08238702735953382 -0.6193832750911047 0.0 0.0 0.0 0.0 0.0 0.0
48.91098513197624 49.471370221509844 39.62942780618842 -0.11667369197655997 0.9830562913596219 0.14137742966550643 -0.6905562384905393 0.022011126192849118 -0.7229436989181937 0.0 0.0 0.0 0.0 0.0 0.0
48.423413408217066 49.603956462278276 39.39015854959662 0.3402724302941125 0.9361980807160083 0.0880217407542066 -0.659179038333864 0.30424353079454836 -0.6876909693975258 0.0 0.0 0.0 0.0 0.0 0.0
47.96746550988876 49.90491533411971 39.32287873392279 0.7135929531065215 0.6818197369659681 -0.16095634054106825 -0.5937920103903958 0.46674095485885203 -0.6554112674145751 0.0 0.0 0.0 0.0 0.0 0.0
47.654385675904386 50.275590421094805 39.22618855600531 0.8328597427525384 0.17970784711737872 -0.5234976013188719 -0.5330519687485444 0.5150488914678744 -0.6712527378052284 0.0 0.0 0.0 0.0 0.0 0.0
47.531758417603605 50.79458201064101 39.04482258920844 0.6158706879243965 -0.35794574380376826 -0.7018391127945904 -0.5606093947744708 0.4268052615686687 -0.7096156531446454 0.0 0.0 0.0 0.0 0.0 0.0
47.50848113488876 51.11012995375624 38.644214526464296 0.17042040250079016 -0.8087289060567265 -0.5629515458010212 -0.34006115092524597 0.48793863131953497 -0.8039118768232102 0.0 0.0 0.0 0.0 0.0 0.0
47.5024844307872 51.37456190718642 38.1395529664057 -0.13621863685528973 -0.9516630448798803 -0.27528518300708016 -0.16219560563207505 0.2955494540450944 -0.9414579681150355 0.0 0.0 0.0 0.0 0.0 0.0
47.64029418420517 51.44475233687392 37.62464989786322 -0.7046137206209435 -0.709509644729455 0.0107502906283313 -0.23407044360702686 0.21809990437268498 -0.947440477888841 0.0 0.0 0.0 0.0 0.0 0.0
47.60431395959579 51.30136168135634 37.13433732156928 -0.9411696225535086 -0.16518832351731952 0.29480936103866034 -0.3251250402388954 0.2047085195847299 -0.9232486827605466 0.0 0.0 0.0 0.0 0.0 0.0
47.315579523560636 50.975814939870745 36.83146657114203 -0.8109418362916837 0.525656990746397 0.25701763797707394 -0.4109313114413378 -0.19893939847408065 -0.889695775538961 0.0 0.0 0.0 0.0 0.0 0.0
46.97159301233017 50.74507200850478 36.48463906412299 -0.28172987974814895 0.9488113772835752 0.14277690707652366 -0.5930547824840846 -0.05522000846773428 -0.8032663167577602 0.0 0.0 0.0 0.0 0.0 0.0
46.48373900842392 50.82379067076674 36.16534794931586 0.1815819446207994 0.960498892672061 0.210878814875922 -0.6061930880898092 0.2781838053007103 -0.7450796671635571 0.0 0.0 0.0 0.0 0.0 0.0
46.01001464318954 50.99554026259413 36.135949031164 0.5750911769315857 0.7718550274987459 -0.27112719291939946 -0.6392329174131189 0.21714076421228234 -0.7377202490191105 0.0 0.0 0.0 0.0 0.0 0.0
45.6509219307872 51.330866934194475 35.93608178262885 0.8065044327645888 0.3173947116948196 -0.49880978029628825 -0.5696947117985607 0.19157211963131837 -0.7992171534249742 0.0 0.0 0.0 0.0 0.0 0.0
45.436352838990324 51.727666975393205 35.57562817697699 0.8424728373675774 -0.26609399628400743 -0.4684372993682614 -0.4203346416580329 0.21922098927996825 -0.880489038478802 0.0 0.0 0.0 0.0 0.0 0.0
45.449917902466886 52.11997568739882 35.186918155004335 0.45903912506879907 -0.7901237911343397 -0.4061865043789236 -0.4230491833099868 0.2076366106258208 -0.8819957065817123 0.0 0.0 0.0 0.0 0.0 0.0
45.4910098214122 52.27490723265639 34.700014010717226 0.04393693749314831 -0.9711914504973382 -0.2342150977298425 -0.23134132055051082 0.21817854679923537 -0.9480924612729077 0.0 0.0 0.0 0.0 0.0 0.0
45.68419372033798 52.292749525442034 34.1374949372309 -0.4417318253857744 -0.8960914912372094 0.043509007959568344 -0.283230618591963 0.0932744053212285 -0.954505265571639 0.0 0.0 0.0 0.0 0.0 0.0
45.800564875123136 52.198717714681536 33.6360186493891 -0.5989960024828668 -0.7774492455463038 0.1917718947318099 0.007819222555539143 -0.2451572155539386 -0.9694518035572819 0.0 0.0 0.0 0.0 0.0 0.0
45.93711577844345 51.77796185149184 33.245321170141054 -0.9936060830444859 0.026279693988959275 0.10980131793763084 -0.11261648433254656 -0.16152182140514823 -0.9804224745825346 0.0 0.0 0.0 0.0 0.0 0.0
45.7274600167247 51.473827005758196 32.83459271555121 -0.8560147936634723 0.4978205538729877 0.13933186703290404 -0.3500272002496867 -0.35981517919397626 -0.8648780237160456 0.0 0.0 0.0 0.0 0.0 0.0
45.379773249146574 51.18126404417983 32.57940568094428 -0.36660869993601486 0.9268491542357228 -0.0809240781458164 -0.340768655999904 -0.2147045869828078 -0.9153024983122032 0.0 0.0 0.0 0.0 0.0 0.0
44.851887812134855 51.10136044157973 32.366496936132265 0.21628375411819345 0.889591989330312 -0.40230265997614223 -0.2570120879176173 -0.3456454519494862 -0.9024821373361709 0.0 0.0 0.0 0.0 0.0 0.0
44.51414977502548 51.14938700331679 31.9336260712641 0.6596274470761491 0.6486482792873709 -0.379667013106663 -0.2345534061091385 -0.30226351101366244 -0.9239163758654215 0.0 0.0 0.0 0.0 0.0 0.0
44.28490935754501 51.300896288289934 31.475240603734804 0.9722273891832388 0.04481794897970243 -0.22970688969030803 -0.21322434814794208 -0.23500800467173774 -0.9483177817045788 0.0 0.0 0.0 0.0 0.0 0.0
44.298726191041105 51.43147575987807 30.87423123483832 0.8850831825219028 -0.44131969672347343 0.14786712041830669 0.04711091540063391 -0.23112002479365096 -0.9717839758863576 0.0 0.0 0.0 0.0 0.0 0.0
44.541707148072355 51.59877073897353 30.407192126561952 0.33720975440569295 -0.8977760291959511 0.2833509889426948 0.15613253639180763 -0.2434796607323258 -0.9572566457797682 0.0 0.0 0.0 0.0 0.0 0.0
44.93817626428329 51.5184670699977 30.06782139902289 -0.08728081166943719 -0.964918689530741 0.24761660386291068 0.38573897447252464 -0.2619101940702077 -0.8846516228521772 0.0 0.0 0.0 0.0 0.0 0.0
45.35272704553329 51.26054299010268 29.826852694799257 -0.6393592811932589 -0.7675980635828065 -0.04486560303801551 0.32696882025345575 -0.218605226954167 -0.9194036900787271 0.0 0.0 0.0 0.0 0.0 0.0
45.51054870080673 50.95407641066542 29.470659152318788 -0.9069552404967971 -0.3926182818133081 -0.152587930457697 0.3624979991875763 -0.5429944353625831 -0.7574643514715882 0.0 0.0 0.0 0.0 0.0 0.0
45.64837371301376 50.452220918073564 29.424236193944765 -0.7835625967631958 0.09498833840755355 -0.6140088537800485 0.4911236241792392 -0.5106195496602876 -0.7057373883235705 0.0 0.0 0.0 0.0 0.0 0.0
45.67992125940048 49.98165607584944 29.11318387155707 -0.5132817753000123 0.6345450298285072 -0.5778359838784759 0.23567549838681995 -0.5431952239641824 -0.8058511079117691 0.0 0.0 0.0 0.0 0.0 0.0
45.507031549927824 49.64347696436873 28.663549319555116 0.14311247194851495 0.9388084699784159 -0.3133009369114159 0.39105961285773383 -0.3444394226864477 -0.8534833702486451 0.0 0.0 0.0 0.0 0.0 0.0
45.518025507447355 49.5084378732585 28.131002322484804 0.47415721633443697 0.8793721412604856 -0.043354023722447205 0.35399040525291525 -0.2354947008780007 -0.9051149312917437 0.0 0.0 0.0 0.0 0.0 0.0
45.486706842896574 49.55412435664168 27.654027835180116 0.8109672552199163 0.5120767220370805 0.28303629044494244 0.4141570320454367 -0.1607061802907736 -0.8959059528899584 0.0 0.0 0.0 0.0 0.0 0.0
45.670369257447355 49.762555123701006 27.132158175756288 0.7944934595952277 -0.045453338596253445 0.6055692666168425 0.5647403123369749 -0.3113237500831458 -0.7642943819338875 0.0 0.0 0.0 0.0 0.0 0.0
46.040173639771574 49.9177818311595 26.734329119970155 0.639682090429453 -0.34843015395740473 0.6851300978624604 0.7362886638762014 0.021892640277590997 -0.6763133266091051 0.0 0.0 0.0 0.0 0.0 0.0
46.52105437707626 50.17813682688704 26.575477496435 0.27519513361658854 -0.897563345754381 0.3444527235949071 0.6852865502776031 -0.06814847548390102 -0.7250780160078241 0.0 0.0 0.0 0.0 0.0 0.0
47.001004328248136 50.1647095693492 26.448848620702577 -0.24791800905800432 -0.9687469033349141 -0.00813007156976997 0.7713891542437072 -0.19232010589403953 -0.6066067503614537 0.0 0.0 0.0 0.0 0.0 0.0
47.48746215295517 49.96700072421065 26.457855120946718 -0.5996090007359104 -0.6542971820512999 -0.4608299510624403 0.7717684972039447 -0.3203849333831967 -0.5492967150681037 0.0 0.0 0.0 0.0 0.0 0.0
47.84148131799423 49.508038998975664 26.282640353490663 -0.7059338822112295 -0.07003116834807238 -0.7048070582833188 0.6714613838596819 -0.3828230217802307 -0.6344967643576235 0.0 0.0 0.0 0.0 0.0 0.0
48.078740258929365 49.14070320261946 25.948387042333437 -0.6154758025750251 0.330096618535892 -0.7156994892242126 0.5302760425846607 -0.4983739477622826 -0.6858795279439305 0.0 0.0 0.0 0.0 0.0 0.0
48.25246920180046 48.779812337293535 25.56837071542914 -0.3843275537194207 0.775082277664016 -0.5015374306103251 0.5190904253092044 -0.2678226560022672 -0.8116749073885433 0.0 0.0 0.0 0.0 0.0 0.0
48.244458337542646 48.49854779678701 24.99510182504828 0.009655057002075695 0.9857325259501525 -0.1680421588715718 0.44996776731786625 -0.15435727390596596 -0.8796037973811238 0.0 0.0 0.0 0.0 0.0 0.0
48.14668764662468 48.546459203048855 24.46369542246039 0.5760432767928849 0.7802979262857523 0.24353498618447011 0.4900381295537245 -0.09119385754582887 -0.8669177077032157 0.0 0.0 0.0 0.0 0.0 0.0
48.41483796876394 48.82406640185347 23.998430148412538 0.6884595985333046 0.1971132430002809 0.6979754656298982 0.7105850453094074 0.009388630603336195 -0.7035486813277538 0.0 0.0 0.0 0.0 0.0 0.0
48.67576326918327 49.14114475382796 23.69309987192328 0.6926648537870644 -0.23842250251166197 0.6807129428945955 0.7211632650436435 0.2135153161995963 -0.6590407839426767 0.0 0.0 0.0 0.0 0.0 0.0
49.07098876428329 49.496370078458696 23.591945544530702 0.5253254591511181 -0.7995032083503687 0.2912520932201763 0.7699996158908398 0.3009945160871009 -0.5625858981644061 0.0 0.0 0.0 0.0 0.0 0.0
49.60716735315048 49.69276070727339 23.740222827245546 0.06680364823204737 -0.9653704738145011 -0.2521846959473434 0.7632812579556746 0.21222603740706403 -0.6102145772595883 0.0 0.0 0.0 0.0 0.0 0.0
50.102078546998136 49.72519874705306 23.699993029882265 -0.17654320195584305 -0.8608392916544125 -0.4772716331263658 0.8607648507559593 0.10015896865615503 -0.499051152389018 0.0 0.0 0.0 0.0 0.0 0.0
50.64854918908798 49.58237528933516 23.668119326879335 -0.45378520023190894 -0.46556664243640977 -0.7598201718176313 0.8879726949048657 -0.16474899996816816 -0.4293742657785617 0.0 0.0 0.0 0.0 0.0 0.0
50.98053466272079 49.13515067233077 23.43837346201117 -0.4087087272878994 0.09778909133007815 -0.90741086055631 0.8640433350568499 -0.27872817128870997 -0.41921321743700746 0.0 0.0 0.0 0.0 0.0 0.0
51.21527587365829 48.779790879621416 23.189704791356874 -0.25349886390746684 0.5377358806757566 -0.8041010189220583 0.6992330099727582 -0.47254313983251417 -0.5364477409418983 0.0 0.0 0.0 0.0 0.0 0.0
51.26769744348251 48.431262017621904 22.787013903905702 0.1608668520405832 0.8710830663558553 -0.46404326029222087 0.6275677819230028 -0.45315720628835066 -0.6330933781687974 0.0 0.0 0.0 0.0 0.0 0.0
51.409451593873136 48.369290114774614 22.22929944162543 0.48303586348418626 0.8742335201448528 0.04890916931645911 0.7080423814042569 -0.35712881542645514 -0.6092084990604498 0.0 0.0 0.0 0.0 0.0 0.0
51.64629088830673 48.35371852053633 21.751087085058046 0.6208842795130545 0.5544959684966639 0.5541091339930267 0.7368720651483233 -0.1716830812457761 -0.6538688547545306 0.0 0.0 0.0 0.0 0.0 0.0
51.99565612268173 48.44065118341079 21.350717440893007 0.5401352231976553 0.1509181181110483 0.8279357839150563 0.8396585772262184 -0.16305038813004047 -0.5180618154439542 0.0 0.0 0.0 0.0 0.0 0.0
52.36993895959579 48.53723431138626 21.071014300634218 0.4079216895522847 -0.20278067103398004 0.8902133983758158 0.9126001522353164 0.06110090716007589 -0.4042618474260139 0.0 0.0 0.0 0.0 0.0 0.0
52.79418670129501 48.82696771754256 21.017803088476015 0.23344526535196147 -0.7198199572368895 0.6537297126857821 0.8909391935800975 -0.11098079799739236 -0.4403528310556292 0.0 0.0 0.0 0.0 0.0 0.0
53.37588988733017 48.812062503232866 21.081361666967226 -0.24807939190086997 -0.9439471883422952 0.2177620741423314 0.8976415819848598 -0.30851659428355377 -0.3147333813617417 0.0 0.0 0.0 0.0 0.0 0.0
53.805981745240324 48.76790738238326 21.217363253881288 -0.34309706772490156 -0.8777006664278968 -0.33455334742100634 0.9341415554049488 -0.2815597014357207 -0.219325532013606 0.0 0.0 0.0 0.0 0.0 0.0
54.244954218384855 48.476950650497585 21.30745877390082 -0.4487663825359083 -0.48603663232281724 -0.7499180794899728 0.879171821030391 -0.3905577891611374 -0.2729863044763794 0.0 0.0 0.0 0.0 0.0 0.0
54.54613982629501 48.021514178647905 21.19362248544867 -0.4330125802215312 0.11236825289661237 -0.89435646199424 0.7818800847485842 -0.44687550209036386 -0.4347019883840325 0.0 0.0 0.0 0.0 0.0 0.0
54.69183837365829 47.55877971781722 20.85398854379828 -0.12324439443507423 0.7398630351044081 -0.661372443125978 0.6751098101899613 -0.4259598247211537 -0.6023163387363805 0.0 0.0 0.0 0.0 0.0 0.0
54.797505487916105 47.26876330508223 20.316629306127382 0.1502323505443796 0.9800436427152388 -0.13017180656100474 0.7369769604713337 -0.1987792809959416 -0.6460276752440027 0.0 0.0 0.0 0.0 0.0 0.0
54.83438598108017 47.307827235593706 19.788534060766054 0.540451905562916 0.8142824485841058 0.21179195381620486 0.46749338640719007 -0.08133352048861978 -0.8802470063058803 0.0 0.0 0.0 0.0 0.0 0.0
54.92258941125595 47.53266966475478 19.313083545018984 0.7853288114086547 0.21796897231348766 0.5794378181307046 0.5835704745868363 0.05178411384704485 -0.8104097153561098 0.0 0.0 0.0 0.0 0.0 0.0
55.23204528283798 47.82118821276656 19.037748233129335 0.7168170285575834 -0.4846221819565381 0.5013129644499139 0.6405486615472475 0.1736672444927547 -0.7480221255954422 0.0 0.0 0.0 0.0 0.0 0.0
55.67039214563095 48.04702818526259 18.87643612985785 0.4992176468469097 -0.7619013487265653 0.41265975801533455 0.7898265744514099 0.20429373220987357 -0.5783061933527183 0.0 0.0 0.0 0.0 0.0 0.0
56.21178924035751 48.243551970853716 18.832458392431093 0.09217500964577563 -0.9957322778534015 -0.004582405228503672 0.6550234816422282 0.06410038116539207 -0.7528847054043171 0.0 0.0 0.0 0.0 0.0 0.0
56.70023881387436 48.16189146174422 18.77850712900336 -0.30941224212307145 -0.83593244820856 -0.45330012845400436 0.7600722295370672 0.06905844394588878 -0.6461587554203102 0.0 0.0 0.0 0.0 0.0 0.0
57.21593247842514 47.94168508185378 18.596259967138124 -0.707620695389674 -0.2946784412066502 -0.6422130236488931 0.6569279257626056 0.06036553457346809 -0.7515329018671775 0.0 0.0 0.0 0.0 0.0 0.0
57.49835740518295 47.63044417037001 18.244867221166444 -0.6861688084363743 0.34781194756783346 -0.6389046998246903 0.6368435079460224 -0.13725819933845776 -0.7586768304761714 0.0 0.0 0.0 0.0 0.0 0.0