85
0 1 0.4530530177172631 s 6.05935206892274
0 2 0.6678755831252088 s 6.05935206892274
0 3 0.8807863433051508 s 6.05935206892274
0 4 1.2697026542836074 s 6.05935206892274
0 10 1.378936503806183 s 6.05935206892274
0 11 1.101993407454948 s 6.05935206892274
0 12 0.6647517164836895 s 6.05935206892274
0 13 0.5610097165814789 s 6.05935206892274
0 14 0.5102364691711039 s 6.05935206892274
0 15 0.891359422697036 s 6.05935206892274
0 16 1.1344168445322684 s 6.05935206892274
0 17 1.4390363219045732 s 6.05935206892274
0 18 1.2304910517319019 s 6.05935206892274
0 19 1.2096716548908255 s 6.05935206892274
1 2 0.4475806107926091 s 6.05935206892274
1 3 0.7582557409504118 s 6.05935206892274
1 4 1.177835235639556 s 6.05935206892274
1 5 1.4230891866962598 s 6.05935206892274
1 10 1.4527375547539725 s 6.05935206892274
1 11 1.2468763917098773 s 6.05935206892274
1 12 0.8155231431865765 s 6.05935206892274
1 13 0.7556714329419738 s 6.05935206892274
1 14 0.7156004806792725 s 6.05935206892274
1 15 0.9006441058423132 s 6.05935206892274
1 16 0.9926078511809427 s 6.05935206892274
1 17 1.391828005486946 s 6.05935206892274
1 18 1.2998032349799813 s 6.05935206892274
1 19 1.169959131900014 s 6.05935206892274
2 3 0.44650525047834283 s 6.05935206892274
2 4 0.785500587183428 s 6.05935206892274
2 5 1.0634596959248206 s 6.05935206892274
2 6 1.4252384261230806 s 6.05935206892274
2 9 1.4781841989642375 s 6.05935206892274
2 10 1.2141425017090186 s 6.05935206892274
2 11 0.9821392658978316 s 6.05935206892274
2 12 0.6144391258484352 s 6.05935206892274
2 13 0.5809451111050593 s 6.05935206892274
2 14 0.7517199354259605 s 6.05935206892274
2 15 0.8086111669892304 s 6.05935206892274
2 16 0.7476074948005818 s 6.05935206892274
2 17 1.1126522987210934 s 6.05935206892274
2 18 1.0011825426996805 s 6.05935206892274
2 19 0.7660152359729437 s 6.05935206892274
2 20 1.1414844172878238 s 6.05935206892274
2 21 1.4058461110835954 s 6.05935206892274
2 22 1.275781166268649 s 6.05935206892274
2 23 1.3162368373998974 s 6.05935206892274
3 4 0.444874947076222 s 6.05935206892274
3 5 0.7329278759656246 s 6.05935206892274
3 6 1.050642548389075 s 6.05935206892274
3 7 1.2016182952819523 s 6.05935206892274
3 8 1.3942650475352556 s 6.05935206892274
3 9 1.0649952833371108 s 6.05935206892274
3 10 0.8020567843957951 s 6.05935206892274
3 11 0.6845924032725372 s 6.05935206892274
3 12 0.48128764863141144 s 6.05935206892274
3 13 0.749301109791564 s 6.05935206892274
3 14 1.0796908181845188 s 6.05935206892274
3 15 1.1953688498749513 s 6.05935206892274
3 16 1.104534897455958 s 6.05935206892274
3 17 1.3935319303506515 s 6.05935206892274
3 18 1.1989391003703027 s 6.05935206892274
3 19 0.8728344202597584 s 6.05935206892274
3 20 1.2462441587515878 s 6.05935206892274
3 21 1.4741151922126907 s 6.05935206892274
3 22 1.2185857281649173 s 6.05935206892274
3 23 1.204980248257085 s 6.05935206892274
4 5 0.45350661532922404 s 6.05935206892274
4 6 0.6678471776465822 s 6.05935206892274
4 7 0.9330073529026769 s 6.05935206892274
4 8 1.0898573172100368 s 6.05935206892274
4 9 0.7737988570266091 s 6.05935206892274
4 10 0.7092406188422239 s 6.05935206892274
4 11 0.6455365839465949 s 6.05935206892274
4 12 0.7150967400238377 s 6.05935206892274
4 13 0.9712733084807645 s 6.05935206892274
4 14 1.3661676659467237 s 6.05935206892274
4 15 1.4014657026844344 s 6.05935206892274
4 16 1.2229600457801986 s 6.05935206892274
4 17 1.4030802027958278 s 6.05935206892274
4 18 1.1965147766857227 s 6.05935206892274
4 19 0.7973371694825822 s 6.05935206892274
4 20 1.0769148742818309 s 6.05935206892274
4 21 1.276512411251834 s 6.05935206892274
4 22 0.9641950754401153 s 6.05935206892274
4 23 0.8525589857466774 s 6.05935206892274
4 24 1.2864740390270222 s 6.05935206892274
4 25 1.292035599961775 s 6.05935206892274
4 26 1.144295999231096 s 6.05935206892274
4 27 1.4139118675748512 s 6.05935206892274
5 6 0.44777141605634135 s 6.05935206892274
5 7 0.703024408603435 s 6.05935206892274
5 8 1.0150607068490114 s 6.05935206892274
5 9 0.8851899104486114 s 6.05935206892274
5 10 0.9349780239282504 s 6.05935206892274
5 11 1.0445924329460705 s 6.05935206892274
5 12 1.124598209298848 s 6.05935206892274
5 13 1.3890746694281992 s 6.05935206892274
5 16 1.4894617304382625 s 6.05935206892274
5 19 1.1349455314943344 s 6.05935206892274
5 20 1.3011045487525146 s 6.05935206892274
5 22 1.294261143578092 s 6.05935206892274
5 23 1.0359116355974127 s 6.05935206892274
5 24 1.441579445191423 s 6.05935206892274
5 25 1.469273386772933 s 6.05935206892274
5 26 1.1870205156876334 s 6.05935206892274
5 27 1.390397480474729 s 6.05935206892274
6 7 0.4481888395433281 s 6.05935206892274
6 8 0.6493853126106606 s 6.05935206892274
6 9 0.6354214533216156 s 6.05935206892274
6 10 0.8946391974352392 s 6.05935206892274
6 11 1.0877009347840725 s 6.05935206892274
6 12 1.325549507755556 s 6.05935206892274
6 19 1.3449493484622268 s 6.05935206892274
6 20 1.4691720066406697 s 6.05935206892274
6 22 1.302529094488506 s 6.05935206892274
6 23 1.0270502290499945 s 6.05935206892274
6 24 1.3493443257063422 s 6.05935206892274
6 25 1.2650738782943445 s 6.05935206892274
6 26 0.9237742937077065 s 6.05935206892274
6 27 1.1950064210694482 s 6.05935206892274
7 8 0.4487615181123231 s 6.05935206892274
7 9 0.6425204824511851 s 6.05935206892274
7 10 0.8558724448533828 s 6.05935206892274
7 11 1.205057456834492 s 6.05935206892274
7 12 1.462055564363364 s 6.05935206892274
7 23 1.4548467475855276 s 6.05935206892274
7 26 1.2971825770914445 s 6.05935206892274
8 9 0.4473734918846832 s 6.05935206892274
8 10 0.8079375614848298 s 6.05935206892274
8 11 1.157413543189688 s 6.05935206892274
8 12 1.521941391356303 s 6.05935206892274
8 23 1.4724163055341541 s 6.05935206892274
8 25 1.4687800730548206 s 6.05935206892274
8 26 1.1946534375051405 s 6.05935206892274
9 10 0.448872792437191 s 6.05935206892274
9 11 0.7201346570429149 s 6.05935206892274
9 12 1.1110512942056767 s 6.05935206892274
9 13 1.4802182120104275 s 6.05935206892274
9 19 1.4195245350630146 s 6.05935206892274
9 22 1.2686742648486877 s 6.05935206892274
9 23 1.2014645447247674 s 6.05935206892274
9 24 1.4917600460979583 s 6.05935206892274
9 25 1.2547206808688327 s 6.05935206892274
9 26 1.0829597143656435 s 6.05935206892274
9 27 1.4942227061669406 s 6.05935206892274
10 11 0.44851060912727936 s 6.05935206892274
10 12 0.7748833247406786 s 6.05935206892274
10 13 1.2003398866767232 s 6.05935206892274
10 19 1.345741060703807 s 6.05935206892274
10 22 1.3384547182477537 s 6.05935206892274
10 23 1.3591445403079674 s 6.05935206892274
10 26 1.425543498650702 s 6.05935206892274
11 12 0.44932244779600145 s 6.05935206892274
11 13 0.8077618266122583 s 6.05935206892274
11 14 1.244194977816151 s 6.05935206892274
11 15 1.442724746821069 s 6.05935206892274
11 16 1.4547579207553143 s 6.05935206892274
11 18 1.2183372926597809 s 6.05935206892274
11 19 1.0110989663100358 s 6.05935206892274
11 20 1.389833030526621 s 6.05935206892274
11 21 1.410907414982472 s 6.05935206892274
11 22 1.0214443387490306 s 6.05935206892274
11 23 1.1618131251478971 s 6.05935206892274
11 24 1.512679206524022 s 6.05935206892274
11 25 1.3781012608977432 s 6.05935206892274
11 26 1.3870903057093344 s 6.05935206892274
12 13 0.4485281405772526 s 6.05935206892274
12 14 0.8453092565988095 s 6.05935206892274
12 15 1.0878502119793756 s 6.05935206892274
12 16 1.1581603352682854 s 6.05935206892274
12 17 1.3692777877274878 s 6.05935206892274
12 18 1.0538775603377473 s 6.05935206892274
12 19 0.8871680453158423 s 6.05935206892274
12 20 1.3248481731117243 s 6.05935206892274
12 21 1.4201064048099425 s 6.05935206892274
12 22 1.1361588757379657 s 6.05935206892274
12 23 1.293636404795645 s 6.05935206892274
13 14 0.4481571906901816 s 6.05935206892274
13 15 0.6713569512565902 s 6.05935206892274
13 16 0.8431192617829172 s 6.05935206892274
13 17 1.0257414291868863 s 6.05935206892274
13 18 0.7208589082931691 s 6.05935206892274
13 19 0.7187985828018076 s 6.05935206892274
13 20 1.1529452570498537 s 6.05935206892274
13 21 1.228850968875547 s 6.05935206892274
13 22 1.0736566396185807 s 6.05935206892274
13 23 1.3084918688799057 s 6.05935206892274
14 15 0.44574162557184843 s 6.05935206892274
14 16 0.8121795300489583 s 6.05935206892274
14 17 1.0298704848484492 s 6.05935206892274
14 18 0.8506022999933004 s 6.05935206892274
14 19 0.9852667711041083 s 6.05935206892274
14 20 1.3575178857376635 s 6.05935206892274
14 21 1.451311139775765 s 6.05935206892274
14 22 1.4129544694125047 s 6.05935206892274
15 16 0.444165962966022 s 6.05935206892274
15 17 0.6436291618441863 s 6.05935206892274
15 18 0.6440954229455593 s 6.05935206892274
15 19 0.8176448781062923 s 6.05935206892274
15 20 1.0781666998021835 s 6.05935206892274
15 21 1.2208771559547504 s 6.05935206892274
15 22 1.309945031429896 s 6.05935206892274
15 23 1.5094501859522629 s 6.05935206892274
16 17 0.4462451809901783 s 6.05935206892274
16 18 0.6312308823849893 s 6.05935206892274
16 19 0.6065806263634456 s 6.05935206892274
16 20 0.7563433530092785 s 6.05935206892274
16 21 1.0353663518826883 s 6.05935206892274
16 22 1.1666299446436776 s 6.05935206892274
16 23 1.244952907662499 s 6.05935206892274
17 18 0.44608948020746114 s 6.05935206892274
17 19 0.6231265156243222 s 6.05935206892274
17 20 0.5877881648323909 s 6.05935206892274
17 21 0.7260915503478297 s 6.05935206892274
17 22 1.0001543672173063 s 6.05935206892274
17 23 1.1446551955208835 s 6.05935206892274
17 24 1.3375929687086343 s 6.05935206892274
17 43 1.4958741883821232 s 6.05935206892274
18 19 0.44902177374818864 s 6.05935206892274
18 20 0.6465353117046464 s 6.05935206892274
18 21 0.6131362093449769 s 6.05935206892274
18 22 0.7182631651151764 s 6.05935206892274
18 23 1.0025780668275672 s 6.05935206892274
18 24 1.2224574478771104 s 6.05935206892274
18 25 1.4103140327127035 s 6.05935206892274
18 42 1.517343489598477 s 6.05935206892274
18 43 1.4147593446661766 s 6.05935206892274
19 20 0.4459253977125049 s 6.05935206892274
19 21 0.6418988724738316 s 6.05935206892274
19 22 0.5933215202924244 s 6.05935206892274
19 23 0.6970922541520552 s 6.05935206892274
19 24 1.0442404719488143 s 6.05935206892274
19 25 1.2377679948430074 s 6.05935206892274
19 26 1.3083888286402152 s 6.05935206892274
19 27 1.444128751595715 s 6.05935206892274
20 21 0.44644274130973055 s 6.05935206892274
20 22 0.6437156789993985 s 6.05935206892274
20 23 0.5998638641888357 s 6.05935206892274
20 24 0.8189635379919784 s 6.05935206892274
20 25 1.1546120971714522 s 6.05935206892274
20 26 1.2285053835002362 s 6.05935206892274
20 27 1.2256129369667945 s 6.05935206892274
20 28 1.4424660702234806 s 6.05935206892274
20 29 1.2918669480908034 s 6.05935206892274
20 30 1.4592629365967273 s 6.05935206892274
20 31 1.4790433037632913 s 6.05935206892274
20 42 1.320830440539545 s 6.05935206892274
20 43 1.3604980573138254 s 6.05935206892274
21 22 0.450564549362463 s 6.05935206892274
21 23 0.6473466557655839 s 6.05935206892274
21 24 0.674471972359013 s 6.05935206892274
21 25 0.9551893290449966 s 6.05935206892274
21 26 1.189394413125183 s 6.05935206892274
21 27 1.2261384107394835 s 6.05935206892274
21 28 1.304221748950543 s 6.05935206892274
21 29 1.1564726731696149 s 6.05935206892274
21 30 1.2096385862907717 s 6.05935206892274
21 31 1.270888965401993 s 6.05935206892274
21 32 1.4955290286248124 s 6.05935206892274
21 41 1.3974117758389657 s 6.05935206892274
21 42 0.9575366429813366 s 6.05935206892274
21 43 0.9589406839683111 s 6.05935206892274
21 44 1.2881431187241885 s 6.05935206892274
21 45 1.4453653152756847 s 6.05935206892274
21 46 1.500424228642876 s 6.05935206892274
22 23 0.4483907163548099 s 6.05935206892274
22 24 0.6211086570214431 s 6.05935206892274
22 25 0.6997789336318434 s 6.05935206892274
22 26 0.9170533796293399 s 6.05935206892274
22 27 1.1113523244870576 s 6.05935206892274
22 28 1.216456379093256 s 6.05935206892274
22 29 1.2302460849215147 s 6.05935206892274
22 30 1.3555743803310822 s 6.05935206892274
22 42 1.0979024979243892 s 6.05935206892274
22 43 1.205138964663671 s 6.05935206892274
23 24 0.4473626263473264 s 6.05935206892274
23 25 0.6443796970867841 s 6.05935206892274
23 26 0.6399892406627485 s 6.05935206892274
23 27 0.7578377870681572 s 6.05935206892274
23 28 1.0012470752861722 s 6.05935206892274
23 29 1.0307050859829299 s 6.05935206892274
23 30 1.294338662879096 s 6.05935206892274
23 31 1.4902690979869369 s 6.05935206892274
23 42 1.1970835630701497 s 6.05935206892274
23 43 1.4080754782641858 s 6.05935206892274
24 25 0.4489603702564268 s 6.05935206892274
24 26 0.6151350740797195 s 6.05935206892274
24 27 0.5842064058065465 s 6.05935206892274
24 28 0.647134755600766 s 6.05935206892274
24 29 0.62338708476424 s 6.05935206892274
24 30 0.8551036397154962 s 6.05935206892274
24 31 1.1047737036436356 s 6.05935206892274
24 32 1.4125120106149516 s 6.05935206892274
24 40 1.4605771348241865 s 6.05935206892274
24 41 1.1991371015987453 s 6.05935206892274
24 42 0.8033462523185019 s 6.05935206892274
24 43 1.0994455277558106 s 6.05935206892274
24 44 1.5094677296596952 s 6.05935206892274
25 26 0.4495465772755812 s 6.05935206892274
25 27 0.6830151272761757 s 6.05935206892274
25 28 0.6287729595176217 s 6.05935206892274
25 29 0.854573856194155 s 6.05935206892274
25 30 1.0397564948462406 s 6.05935206892274
25 31 1.3990581927018753 s 6.05935206892274
25 40 1.5204318447918346 s 6.05935206892274
25 41 1.2553270051188559 s 6.05935206892274
25 42 0.9238635258949743 s 6.05935206892274
25 43 1.2584266637889747 s 6.05935206892274
26 27 0.44747389668684306 s 6.05935206892274
26 28 0.6468526647223447 s 6.05935206892274
26 29 0.9444234299378335 s 6.05935206892274
26 30 1.2760153067410265 s 6.05935206892274
26 42 1.2909181909219054 s 6.05935206892274
27 28 0.4477590860717716 s 6.05935206892274
27 29 0.6305291294804345 s 6.05935206892274
27 30 1.0490825810268278 s 6.05935206892274
27 31 1.339421575253911 s 6.05935206892274
27 41 1.50024846005215 s 6.05935206892274
27 42 1.2150386231216255 s 6.05935206892274
28 29 0.4461837493543599 s 6.05935206892274
28 30 0.7550019963676557 s 6.05935206892274
28 31 1.1445688100770997 s 6.05935206892274
28 32 1.434324369069474 s 6.05935206892274
28 40 1.2255570663709068 s 6.05935206892274
28 41 1.1443050593325863 s 6.05935206892274
28 42 0.9518713414501712 s 6.05935206892274
28 43 1.383124096703827 s 6.05935206892274
29 30 0.4469617736549785 s 6.05935206892274
29 31 0.7332848339818768 s 6.05935206892274
29 32 1.08926335334884 s 6.05935206892274
29 33 1.3226643711584185 s 6.05935206892274
29 39 1.463834582459807 s 6.05935206892274
29 40 1.0496129233858817 s 6.05935206892274
29 41 0.9733653761721173 s 6.05935206892274
29 42 0.7660269279709211 s 6.05935206892274
29 43 1.1525896363522476 s 6.05935206892274
29 44 1.485419277320506 s 6.05935206892274
30 31 0.45345093993035834 s 6.05935206892274
30 32 0.6795510592779971 s 6.05935206892274
30 33 0.9087540974137664 s 6.05935206892274
30 34 1.2837219234714297 s 6.05935206892274
30 38 1.370955721245636 s 6.05935206892274
30 39 1.098019901688254 s 6.05935206892274
30 40 0.6569560759990132 s 6.05935206892274
30 41 0.5573026112423939 s 6.05935206892274
30 42 0.47718639452001665 s 6.05935206892274
30 43 0.8397630015169768 s 6.05935206892274
30 44 1.1235901079987507 s 6.05935206892274
30 45 1.4598608585176343 s 6.05935206892274
30 46 1.2979801276619882 s 6.05935206892274
30 47 1.212681014644188 s 6.05935206892274
31 32 0.4477084940380298 s 6.05935206892274
31 33 0.7896008317037784 s 6.05935206892274
31 34 1.211209331553066 s 6.05935206892274
31 35 1.4843386852514748 s 6.05935206892274
31 38 1.3889488415590463 s 6.05935206892274
31 39 1.2406937287215316 s 6.05935206892274
31 40 0.8183160667563333 s 6.05935206892274
31 41 0.7598345547318527 s 6.05935206892274
31 42 0.7070658004441556 s 6.05935206892274
31 43 0.8504707813424796 s 6.05935206892274
31 44 0.9714011870484879 s 6.05935206892274
31 45 1.3894358865236354 s 6.05935206892274
31 46 1.3528396876198967 s 6.05935206892274
31 47 1.1843653534270309 s 6.05935206892274
32 33 0.44535990114565843 s 6.05935206892274
32 34 0.8056451366597135 s 6.05935206892274
32 35 1.0989228799106818 s 6.05935206892274
32 36 1.414766778082212 s 6.05935206892274
32 37 1.4092269577574466 s 6.05935206892274
32 38 1.1110205639847832 s 6.05935206892274
32 39 0.9945647759893649 s 6.05935206892274
32 40 0.6495851986387483 s 6.05935206892274
32 41 0.603083900764799 s 6.05935206892274
32 42 0.7616532236528939 s 6.05935206892274
32 43 0.7619766793074366 s 6.05935206892274
32 44 0.7295733522649681 s 6.05935206892274
32 45 1.1292500285084697 s 6.05935206892274
32 46 1.0760675408981764 s 6.05935206892274
32 47 0.8019661533282526 s 6.05935206892274
32 48 1.1456471343655796 s 6.05935206892274
32 49 1.4514952270857862 s 6.05935206892274
32 50 1.30927498155687 s 6.05935206892274
32 51 1.3525661264723567 s 6.05935206892274
33 34 0.4472270443610772 s 6.05935206892274
33 35 0.7298817501991272 s 6.05935206892274
33 36 1.0172559116809554 s 6.05935206892274
33 37 0.9934085345861151 s 6.05935206892274
33 38 0.6762277128128796 s 6.05935206892274
33 39 0.6671426965768947 s 6.05935206892274
33 40 0.5046415176857747 s 6.05935206892274
33 41 0.7240481032932801 s 6.05935206892274
33 42 1.0604251047982483 s 6.05935206892274
33 43 1.115232791379858 s 6.05935206892274
33 44 1.05216840214251 s 6.05935206892274
33 45 1.3777416902840023 s 6.05935206892274
33 46 1.2394842670172548 s 6.05935206892274
33 47 0.8674730887168962 s 6.05935206892274
33 48 1.2040282785583385 s 6.05935206892274
33 49 1.4713499204651763 s 6.05935206892274
33 50 1.2227873016573503 s 6.05935206892274
33 51 1.1872700964918612 s 6.05935206892274
34 35 0.44664942877676383 s 6.05935206892274
34 36 0.6210537506831116 s 6.05935206892274
34 37 0.6741781979791353 s 6.05935206892274
34 38 0.5646731360226498 s 6.05935206892274
34 39 0.6403416657997433 s 6.05935206892274
34 40 0.7426379349379846 s 6.05935206892274
34 41 0.931068984402045 s 6.05935206892274
34 42 1.3315906154595363 s 6.05935206892274
34 43 1.3139674883609223 s 6.05935206892274
34 44 1.1759178894550166 s 6.05935206892274
34 45 1.384903937511296 s 6.05935206892274
34 46 1.2105171748773838 s 6.05935206892274
34 47 0.7871370500557942 s 6.05935206892274
34 48 1.0329062421867237 s 6.05935206892274
34 49 1.247872437848811 s 6.05935206892274
34 50 0.9538365007222315 s 6.05935206892274
34 51 0.8169996701115786 s 6.05935206892274
34 52 1.2616416221311975 s 6.05935206892274
34 53 1.299398134383104 s 6.05935206892274
34 54 1.1658004956356647 s 6.05935206892274
34 55 1.4088236452399454 s 6.05935206892274
35 36 0.4461612380300456 s 6.05935206892274
35 37 0.733808430179953 s 6.05935206892274
35 38 0.6750219456096136 s 6.05935206892274
35 39 0.9720762633028228 s 6.05935206892274
35 40 1.122368571443005 s 6.05935206892274
35 41 1.3565749271861216 s 6.05935206892274
35 44 1.4808369466397422 s 6.05935206892274
35 47 1.1508401314565884 s 6.05935206892274
35 48 1.2773590868662519 s 6.05935206892274
35 50 1.2790220029435306 s 6.05935206892274
35 51 0.9993332486660192 s 6.05935206892274
35 52 1.403052316796434 s 6.05935206892274
35 53 1.4757605008512664 s 6.05935206892274
35 54 1.2133748727624445 s 6.05935206892274
35 55 1.379562139160356 s 6.05935206892274
36 37 0.44805013670962146 s 6.05935206892274
36 38 0.6783260601247998 s 6.05935206892274
36 39 0.9629109796046557 s 6.05935206892274
36 40 1.2626726390402512 s 6.05935206892274
36 41 1.5105761638022241 s 6.05935206892274
36 47 1.285525991447134 s 6.05935206892274
36 48 1.3935313208747186 s 6.05935206892274
36 50 1.2088819764252372 s 6.05935206892274
36 51 0.9173755828078731 s 6.05935206892274
36 52 1.2558057131096438 s 6.05935206892274
36 53 1.2191230048634538 s 6.05935206892274
36 54 0.8939338788524883 s 6.05935206892274
36 55 1.134456450977991 s 6.05935206892274
36 56 1.522347697105871 s 6.05935206892274
37 38 0.4502470837499527 s 6.05935206892274
37 39 0.6528144031718291 s 6.05935206892274
37 40 1.0543511192360677 s 6.05935206892274
37 41 1.3560158274566234 s 6.05935206892274
37 47 1.3179880354149494 s 6.05935206892274
37 50 1.2007534580640815 s 6.05935206892274
37 51 1.0628876674997487 s 6.05935206892274
37 52 1.404111914298415 s 6.05935206892274
37 53 1.2436595057454718 s 6.05935206892274
37 54 1.013180949252076 s 6.05935206892274
37 55 1.37501588315514 s 6.05935206892274
38 39 0.4485322122777418 s 6.05935206892274
38 40 0.7540307622226998 s 6.05935206892274
38 41 1.139593026012993 s 6.05935206892274
38 47 1.276910354933232 s 6.05935206892274
38 50 1.3501322730943857 s 6.05935206892274
38 51 1.260210882431166 s 6.05935206892274
38 54 1.3919582973491187 s 6.05935206892274
39 40 0.4469220554189396 s 6.05935206892274
39 41 0.7984191076840854 s 6.05935206892274
39 42 1.227176526114724 s 6.05935206892274
39 43 1.4068518580741498 s 6.05935206892274
39 44 1.4719953966668833 s 6.05935206892274
39 46 1.3658617518292846 s 6.05935206892274
39 47 1.0815458336209902 s 6.05935206892274
39 48 1.4554815849466483 s 6.05935206892274
39 50 1.1474256101075777 s 6.05935206892274
39 51 1.2122557338114375 s 6.05935206892274
39 53 1.4778559939332157 s 6.05935206892274
39 54 1.424939271700296 s 6.05935206892274
40 41 0.4461250865981755 s 6.05935206892274
40 42 0.8276341704110187 s 6.05935206892274
40 43 1.0553753745887118 s 6.05935206892274
40 44 1.1854114560517004 s 6.05935206892274
40 45 1.4581307657372207 s 6.05935206892274
40 46 1.195057951370302 s 6.05935206892274
40 47 0.9572066823105911 s 6.05935206892274
40 48 1.3853464643835185 s 6.05935206892274
40 50 1.223775095668339 s 6.05935206892274
40 51 1.3467646841198935 s 6.05935206892274
41 42 0.44528440153434606 s 6.05935206892274
41 43 0.6453112933147123 s 6.05935206892274
41 44 0.8685666277631159 s 6.05935206892274
41 45 1.1011816357798385 s 6.05935206892274
41 46 0.8320823314935135 s 6.05935206892274
41 47 0.7294410953179974 s 6.05935206892274
41 48 1.1738282470673518 s 6.05935206892274
41 49 1.2981083032224117 s 6.05935206892274
41 50 1.0807793420133465 s 6.05935206892274
41 51 1.3059991879028572 s 6.05935206892274
42 43 0.4456100361681384 s 6.05935206892274
42 44 0.8433297255637868 s 6.05935206892274
42 45 1.0848816586543377 s 6.05935206892274
42 46 0.9122437500073324 s 6.05935206892274
42 47 0.9704413650025862 s 6.05935206892274
42 48 1.3639420759136578 s 6.05935206892274
42 49 1.497907779391489 s 6.05935206892274
42 50 1.3872824639545551 s 6.05935206892274
43 44 0.44864574930132556 s 6.05935206892274
43 45 0.6680123145331416 s 6.05935206892274
43 46 0.6374056871828039 s 6.05935206892274
43 47 0.7490123811615929 s 6.05935206892274
43 48 1.045454015942153 s 6.05935206892274
43 49 1.2250078684455312 s 6.05935206892274
43 50 1.2372969826913005 s 6.05935206892274
43 51 1.4704150110446677 s 6.05935206892274
44 45 0.4455864743121154 s 6.05935206892274
44 46 0.6347982285445573 s 6.05935206892274
44 47 0.587181384181249 s 6.05935206892274
44 48 0.7372549562788474 s 6.05935206892274
44 49 1.0458683277835825 s 6.05935206892274
44 50 1.1372507405775318 s 6.05935206892274
44 51 1.2530287204227781 s 6.05935206892274
45 46 0.447320118666473 s 6.05935206892274
45 47 0.6294280441367299 s 6.05935206892274
45 48 0.5893808205080123 s 6.05935206892274
45 49 0.7653173543995655 s 6.05935206892274
45 50 1.0036552021144722 s 6.05935206892274
45 51 1.1817169958499383 s 6.05935206892274
45 52 1.3524200283343675 s 6.05935206892274
45 70 1.504174708198716 s 6.05935206892274
45 71 1.308429186993042 s 6.05935206892274
45 72 1.485705789517097 s 6.05935206892274
46 47 0.44704963119760627 s 6.05935206892274
46 48 0.6271546852615781 s 6.05935206892274
46 49 0.6219369874751527 s 6.05935206892274
46 50 0.6992979571442854 s 6.05935206892274
46 51 1.0117650356285108 s 6.05935206892274
46 52 1.2069103754265296 s 6.05935206892274
46 53 1.3433363784218146 s 6.05935206892274
46 70 1.3928940103958392 s 6.05935206892274
46 71 1.2310064956962343 s 6.05935206892274
46 72 1.4941998229322293 s 6.05935206892274
46 73 1.5039945191084076 s 6.05935206892274
47 48 0.4475811503603515 s 6.05935206892274
47 49 0.6517808896054171 s 6.05935206892274
47 50 0.5771285725029469 s 6.05935206892274
47 51 0.7225160001713041 s 6.05935206892274
47 52 1.0526856296733045 s 6.05935206892274
47 53 1.2087999313524347 s 6.05935206892274
47 54 1.328020388153394 s 6.05935206892274
47 55 1.4893189722185296 s 6.05935206892274
47 70 1.474308767607777 s 6.05935206892274
47 71 1.4404134461357025 s 6.05935206892274
48 49 0.4442634325967308 s 6.05935206892274
48 50 0.6384649393133459 s 6.05935206892274
48 51 0.635606862006587 s 6.05935206892274
48 52 0.8316157640278526 s 6.05935206892274
48 53 1.1378256903261283 s 6.05935206892274
48 54 1.2620752200691694 s 6.05935206892274
48 55 1.2884984860110038 s 6.05935206892274
48 56 1.4574694847866094 s 6.05935206892274
48 57 1.2801913984510969 s 6.05935206892274
48 58 1.4174690405662986 s 6.05935206892274
48 59 1.4407001809714433 s 6.05935206892274
48 70 1.2054692015338062 s 6.05935206892274
48 71 1.19543678385104 s 6.05935206892274
48 72 1.5011861562312192 s 6.05935206892274
49 50 0.4442505016118377 s 6.05935206892274
49 51 0.6359663342842153 s 6.05935206892274
49 52 0.6379666315030684 s 6.05935206892274
49 53 0.8773770088618161 s 6.05935206892274
49 54 1.1467681537256722 s 6.05935206892274
49 55 1.2044973083208932 s 6.05935206892274
49 56 1.2440056420538772 s 6.05935206892274
49 57 1.1000372929188877 s 6.05935206892274
49 58 1.1452910401556855 s 6.05935206892274
49 59 1.239046763407711 s 6.05935206892274
49 60 1.4034227122640721 s 6.05935206892274
49 69 1.263645365321372 s 6.05935206892274
49 70 0.8315275296042846 s 6.05935206892274
49 71 0.8144004397913266 s 6.05935206892274
49 72 1.1804378617571554 s 6.05935206892274
49 73 1.3174476259186672 s 6.05935206892274
49 74 1.3471612540849025 s 6.05935206892274
50 51 0.4468337815812762 s 6.05935206892274
50 52 0.6316315824701475 s 6.05935206892274
50 53 0.6632632896281093 s 6.05935206892274
50 54 0.8992270069838102 s 6.05935206892274
50 55 1.1140040372457332 s 6.05935206892274
50 56 1.2138062905447957 s 6.05935206892274
50 57 1.2251285602341968 s 6.05935206892274
50 58 1.3618969824266467 s 6.05935206892274
50 69 1.474466074064757 s 6.05935206892274
50 70 1.0569404087942564 s 6.05935206892274
50 71 1.1338318548068267 s 6.05935206892274
51 52 0.44785410662327574 s 6.05935206892274
51 53 0.6258190838066259 s 6.05935206892274
51 54 0.6384308130191041 s 6.05935206892274
51 55 0.7725620966760716 s 6.05935206892274
51 56 1.0086336807078136 s 6.05935206892274
51 57 1.015448529592202 s 6.05935206892274
51 58 1.2857789212225625 s 6.05935206892274
51 59 1.4911309752936126 s 6.05935206892274
51 70 1.134481801410297 s 6.05935206892274
51 71 1.3273054786591898 s 6.05935206892274
52 53 0.4472834888208305 s 6.05935206892274
52 54 0.6103284351007041 s 6.05935206892274
52 55 0.5805100168738838 s 6.05935206892274
52 56 0.6386070525362642 s 6.05935206892274
52 57 0.607360574364824 s 6.05935206892274
52 58 0.8510759157684094 s 6.05935206892274
52 59 1.1154403080974589 s 6.05935206892274
52 60 1.3889106681296706 s 6.05935206892274
52 68 1.4412277788086156 s 6.05935206892274
52 69 1.1473201723122455 s 6.05935206892274
52 70 0.748939323873576 s 6.05935206892274
52 71 1.045966534275355 s 6.05935206892274
52 72 1.4658426120646455 s 6.05935206892274
53 54 0.44794903668396413 s 6.05935206892274
53 55 0.6829628220822281 s 6.05935206892274
53 56 0.6578677784728671 s 6.05935206892274
53 57 0.8744571500710363 s 6.05935206892274
53 58 1.0728421647490338 s 6.05935206892274
53 59 1.4321333765187234 s 6.05935206892274
53 69 1.2280737200612297 s 6.05935206892274
53 70 0.9039063738763949 s 6.05935206892274
53 71 1.2123911074768325 s 6.05935206892274
54 55 0.4453586333214696 s 6.05935206892274
54 56 0.6736507685785147 s 6.05935206892274
54 57 0.949090893380572 s 6.05935206892274
54 58 1.2898837312077753 s 6.05935206892274
54 70 1.2535385553600422 s 6.05935206892274
55 56 0.44583711409004145 s 6.05935206892274
55 57 0.6250096804287091 s 6.05935206892274
55 58 1.0453937772214084 s 6.05935206892274
55 59 1.355793412424178 s 6.05935206892274
55 69 1.4555298645143682 s 6.05935206892274
55 70 1.1648071791281454 s 6.05935206892274
56 57 0.4438343291035983 s 6.05935206892274
56 58 0.7462124273529948 s 6.05935206892274
56 59 1.1464001399186297 s 6.05935206892274
56 60 1.4165254529851028 s 6.05935206892274
56 68 1.2181459013865112 s 6.05935206892274
56 69 1.0962712583132805 s 6.05935206892274
56 70 0.9055385485933626 s 6.05935206892274
56 71 1.343530005070866 s 6.05935206892274
57 58 0.4484169054957247 s 6.05935206892274
57 59 0.7470566905363648 s 6.05935206892274
57 60 1.092962616331372 s 6.05935206892274
57 61 1.3350545167909245 s 6.05935206892274
57 67 1.491604851793013 s 6.05935206892274
57 68 1.0678032616261535 s 6.05935206892274
57 69 0.953924446057516 s 6.05935206892274
57 70 0.7290982281748847 s 6.05935206892274
57 71 1.1333385631982906 s 6.05935206892274
57 72 1.4659733196961229 s 6.05935206892274
58 59 0.45116957520080014 s 6.05935206892274
58 60 0.674016201081974 s 6.05935206892274
58 61 0.9038533304657227 s 6.05935206892274
58 62 1.2951605375312971 s 6.05935206892274
58 66 1.3265735995900625 s 6.05935206892274
58 67 1.1064367639811488 s 6.05935206892274
58 68 0.6625372133637035 s 6.05935206892274
58 69 0.5545344542504853 s 6.05935206892274
58 70 0.4749801730453484 s 6.05935206892274
58 71 0.8519579128401631 s 6.05935206892274
58 72 1.114809494517951 s 6.05935206892274
58 73 1.4283036302782595 s 6.05935206892274
58 74 1.2249437196058277 s 6.05935206892274
58 75 1.1837958734146152 s 6.05935206892274
59 60 0.45049557074641855 s 6.05935206892274
59 61 0.7837635492935784 s 6.05935206892274
59 62 1.2087550234069984 s 6.05935206892274
59 63 1.4596748688353989 s 6.05935206892274
59 66 1.3123160754096659 s 6.05935206892274
59 67 1.2247970232952634 s 6.05935206892274
59 68 0.8152723592634175 s 6.05935206892274
59 69 0.7663911368417136 s 6.05935206892274
59 70 0.709953292918279 s 6.05935206892274
59 71 0.8799835270274372 s 6.05935206892274
59 72 0.9864858641741608 s 6.05935206892274
59 73 1.3929383064651562 s 6.05935206892274
59 74 1.309365694413627 s 6.05935206892274
59 75 1.1676150447594498 s 6.05935206892274
60 61 0.4444553899630674 s 6.05935206892274
60 62 0.804701044705632 s 6.05935206892274
60 63 1.0836029657402122 s 6.05935206892274
60 64 1.4147568750772133 s 6.05935206892274
60 65 1.3796438166836087 s 6.05935206892274
60 66 1.0458239528257864 s 6.05935206892274
60 67 0.9667613985431618 s 6.05935206892274
60 68 0.636998880052221 s 6.05935206892274
60 69 0.6047904866615131 s 6.05935206892274
60 70 0.7532145555683534 s 6.05935206892274
60 71 0.7712668098581763 s 6.05935206892274
60 72 0.7163955422350791 s 6.05935206892274
60 73 1.1039957072314257 s 6.05935206892274
60 74 1.0134289928369404 s 6.05935206892274
60 75 0.7663677841574468 s 6.05935206892274
60 76 1.1170403963652435 s 6.05935206892274
60 77 1.4064043022463435 s 6.05935206892274
60 78 1.2932356631880244 s 6.05935206892274
60 79 1.3109854661465314 s 6.05935206892274
61 62 0.44482321425012555 s 6.05935206892274
61 63 0.7328074522236203 s 6.05935206892274
61 64 1.015472888336794 s 6.05935206892274
61 65 0.9482218961119574 s 6.05935206892274
61 66 0.6077050226942896 s 6.05935206892274
61 67 0.6256298822757962 s 6.05935206892274
61 68 0.49090994813197153 s 6.05935206892274
61 69 0.7296158060102693 s 6.05935206892274
61 70 1.056559995631012 s 6.05935206892274
61 71 1.1226555417102506 s 6.05935206892274
61 72 1.0271367779125669 s 6.05935206892274
61 73 1.3314290817237606 s 6.05935206892274
61 74 1.1558537486258835 s 6.05935206892274
61 75 0.8028930132097226 s 6.05935206892274
61 76 1.1580968672691874 s 6.05935206892274
61 77 1.4118344459306307 s 6.05935206892274
61 78 1.1705408766842131 s 6.05935206892274
61 79 1.1163208774263265 s 6.05935206892274
62 63 0.449284864822569 s 6.05935206892274
62 64 0.6328249250929092 s 6.05935206892274
62 65 0.656857093035303 s 6.05935206892274
62 66 0.5405357517537125 s 6.05935206892274
62 67 0.6154448331634577 s 6.05935206892274
62 68 0.7502600787784306 s 6.05935206892274
62 69 0.9647964670122893 s 6.05935206892274
62 70 1.351784126819559 s 6.05935206892274
62 71 1.3338363989113744 s 6.05935206892274
62 72 1.148558520634285 s 6.05935206892274
62 73 1.338066781216521 s 6.05935206892274
62 74 1.1546277892364947 s 6.05935206892274
62 75 0.7353220606571067 s 6.05935206892274
62 76 0.9861050049304717 s 6.05935206892274
62 77 1.2076849495977118 s 6.05935206892274
62 78 0.9038086644785789 s 6.05935206892274
62 79 0.7388985736137494 s 6.05935206892274
62 80 1.1813334565874212 s 6.05935206892274
62 81 1.266062409842532 s 6.05935206892274
62 82 1.1817197325507698 s 6.05935206892274
63 64 0.4447302126830066 s 6.05935206892274
63 65 0.7118442176022886 s 6.05935206892274
63 66 0.6817992713737829 s 6.05935206892274
63 67 0.9707917386023344 s 6.05935206892274
63 68 1.1375892659436753 s 6.05935206892274
63 69 1.384562047766798 s 6.05935206892274
63 72 1.4385483673426898 s 6.05935206892274
63 75 1.1046250984030512 s 6.05935206892274
63 76 1.2360350698860696 s 6.05935206892274
63 77 1.512710452709123 s 6.05935206892274
63 78 1.2367094649569332 s 6.05935206892274
63 79 0.9253304312821207 s 6.05935206892274
63 80 1.3188986736123927 s 6.05935206892274
63 81 1.4403504767026845 s 6.05935206892274
63 82 1.2258796126602927 s 6.05935206892274
64 65 0.44650157998147544 s 6.05935206892274
64 66 0.7036465482128818 s 6.05935206892274
64 67 0.9727909236275253 s 6.05935206892274
64 68 1.2883774029477681 s 6.05935206892274
64 75 1.2777237681313245 s 6.05935206892274
64 76 1.3897279719072329 s 6.05935206892274
64 78 1.2024967967083355 s 6.05935206892274
64 79 0.8843018091148946 s 6.05935206892274
64 80 1.213204166174733 s 6.05935206892274
64 81 1.2147936435921776 s 6.05935206892274
64 82 0.9170693722000436 s 6.05935206892274
64 83 1.2650354164884805 s 6.05935206892274
65 66 0.4460456268676321 s 6.05935206892274
65 67 0.6556500089600568 s 6.05935206892274
65 68 1.0582203524651899 s 6.05935206892274
65 69 1.3987165749954107 s 6.05935206892274
65 75 1.288583305723315 s 6.05935206892274
65 76 1.5151696809196162 s 6.05935206892274
65 78 1.1912164309001625 s 6.05935206892274
65 79 1.0273123941045814 s 6.05935206892274
65 80 1.3774388174464864 s 6.05935206892274
65 81 1.2644554206346774 s 6.05935206892274
65 82 1.0473905054223536 s 6.05935206892274
65 83 1.4703357889702233 s 6.05935206892274
66 67 0.44642321950162855 s 6.05935206892274
66 68 0.7308289340668565 s 6.05935206892274
66 69 1.1293175757930505 s 6.05935206892274
66 75 1.1878195916425942 s 6.05935206892274
66 76 1.5036212672707405 s 6.05935206892274
66 78 1.2878979238613646 s 6.05935206892274
66 79 1.1823709348290057 s 6.05935206892274
66 82 1.4119699579634 s 6.05935206892274
67 68 0.44749607233080574 s 6.05935206892274
67 69 0.8086293617328479 s 6.05935206892274
67 70 1.2383064235306267 s 6.05935206892274
67 71 1.4046257970353877 s 6.05935206892274
67 72 1.4137156789362184 s 6.05935206892274
67 74 1.2462018982893799 s 6.05935206892274
67 75 0.9820309486134773 s 6.05935206892274
67 76 1.3612367113369785 s 6.05935206892274
67 77 1.4301982396095956 s 6.05935206892274
67 78 1.0545919882086445 s 6.05935206892274
67 79 1.1114066493464105 s 6.05935206892274
67 80 1.508421665610419 s 6.05935206892274
67 81 1.4268373233034652 s 6.05935206892274
67 82 1.409340271383052 s 6.05935206892274
68 69 0.4429624983245754 s 6.05935206892274
68 70 0.8270922728911511 s 6.05935206892274
68 71 1.0529541632648178 s 6.05935206892274
68 72 1.1428606483259374 s 6.05935206892274
68 73 1.3796113214416812 s 6.05935206892274
68 74 1.0753621768598494 s 6.05935206892274
68 75 0.8770810351790191 s 6.05935206892274
68 76 1.3153141958183612 s 6.05935206892274
68 77 1.4362544018855392 s 6.05935206892274
68 78 1.1670416943748347 s 6.05935206892274
68 79 1.2821468080219085 s 6.05935206892274
69 70 0.443189945242804 s 6.05935206892274
69 71 0.6487303573066119 s 6.05935206892274
69 72 0.8446044049216548 s 6.05935206892274
69 73 1.0425215398109031 s 6.05935206892274
69 74 0.7376443195519835 s 6.05935206892274
69 75 0.7019057280196316 s 6.05935206892274
69 76 1.1397432289009575 s 6.05935206892274
69 77 1.2330608930701301 s 6.05935206892274
69 78 1.0885504787521605 s 6.05935206892274
69 79 1.3027880146567874 s 6.05935206892274
70 71 0.4506327305411716 s 6.05935206892274
70 72 0.8315517330061851 s 6.05935206892274
70 73 1.0531201342175036 s 6.05935206892274
70 74 0.8616295431008695 s 6.05935206892274
70 75 0.9704024670461554 s 6.05935206892274
70 76 1.3446744131904391 s 6.05935206892274
70 77 1.4523152321020212 s 6.05935206892274
70 78 1.4232425516514782 s 6.05935206892274
71 72 0.4468148306948143 s 6.05935206892274
71 73 0.6459947831961491 s 6.05935206892274
71 74 0.6205899445495008 s 6.05935206892274
71 75 0.7763087437152563 s 6.05935206892274
71 76 1.0370446789832255 s 6.05935206892274
71 77 1.1908293132226704 s 6.05935206892274
71 78 1.283150474963663 s 6.05935206892274
71 79 1.4904648317578777 s 6.05935206892274
72 73 0.4464238599074117 s 6.05935206892274
72 74 0.6235642699606225 s 6.05935206892274
72 75 0.5891939479898672 s 6.05935206892274
72 76 0.7166727666910062 s 6.05935206892274
72 77 1.009318207025327 s 6.05935206892274
72 78 1.1411709612253325 s 6.05935206892274
72 79 1.2340389156601625 s 6.05935206892274
72 80 1.508627312235603 s 6.05935206892274
73 74 0.44691235927343737 s 6.05935206892274
73 75 0.6284615348494568 s 6.05935206892274
73 76 0.5689454257960604 s 6.05935206892274
73 77 0.7105090922506444 s 6.05935206892274
73 78 0.9925210929362033 s 6.05935206892274
73 79 1.1701106281297515 s 6.05935206892274
73 80 1.3249658183031676 s 6.05935206892274
74 75 0.44499811998060684 s 6.05935206892274
74 76 0.6351911947357098 s 6.05935206892274
74 77 0.606716791115128 s 6.05935206892274
74 78 0.7283727595590012 s 6.05935206892274
74 79 1.0321184158670174 s 6.05935206892274
74 80 1.2353035736549627 s 6.05935206892274
74 81 1.3870779535452575 s 6.05935206892274
75 76 0.4482749761767345 s 6.05935206892274
75 77 0.6433959343779646 s 6.05935206892274
75 78 0.5864978257681874 s 6.05935206892274
75 79 0.7159555655769532 s 6.05935206892274
75 80 1.0396383737491306 s 6.05935206892274
75 81 1.224546836164205 s 6.05935206892274
75 82 1.382613600106368 s 6.05935206892274
76 77 0.44722502305008177 s 6.05935206892274
76 78 0.6263720053060502 s 6.05935206892274
76 79 0.6386861843343316 s 6.05935206892274
76 80 0.8084941803816129 s 6.05935206892274
76 81 1.131171251700255 s 6.05935206892274
76 82 1.3127711270672937 s 6.05935206892274
76 83 1.4659753346492252 s 6.05935206892274
77 78 0.4477601154537653 s 6.05935206892274
77 79 0.6993225719383183 s 6.05935206892274
77 80 0.703563874023025 s 6.05935206892274
77 81 0.9208801975436931 s 6.05935206892274
77 82 1.2383992241903132 s 6.05935206892274
77 83 1.3762206101740695 s 6.05935206892274
77 84 1.4403470915383745 s 6.05935206892274
78 79 0.4492098936526044 s 6.05935206892274
78 80 0.6223590614055743 s 6.05935206892274
78 81 0.6731653532622288 s 6.05935206892274
78 82 0.9370709101437906 s 6.05935206892274
78 83 1.200754947290031 s 6.05935206892274
78 84 1.2534236555333416 s 6.05935206892274
79 80 0.44416344765061827 s 6.05935206892274
79 81 0.6426929421768138 s 6.05935206892274
79 82 0.698063207072939 s 6.05935206892274
79 83 0.9472231206690851 s 6.05935206892274
79 84 1.1519410967131065 s 6.05935206892274
80 81 0.44867495324098283 s 6.05935206892274
80 82 0.6380334000430593 s 6.05935206892274
80 83 0.6830862260735262 s 6.05935206892274
80 84 0.8552145494826806 s 6.05935206892274
81 82 0.44642046021174225 s 6.05935206892274
81 83 0.623907752939157 s 6.05935206892274
81 84 0.5824505440498448 s 6.05935206892274
82 83 0.4459082957735088 s 6.05935206892274
82 84 0.6145264485003734 s 6.05935206892274
83 84 0.4472295030826595 s 6.05935206892274