t = 10000
b = 30 30 30
E = -0.176681947527379 -0.176681947527379 0
-1.88102323427079 -0.0109317286770185 1.72162336958128 0.231245747225473 -0.117836310754318 -0.965732886598538 0 -0.992637957425526 0.121119200185579 0 0 0 0 0 0
-1.86103657122456 -0.529130589073205 1.63389269864541 0.223924956235674 -0.0713572770474796 -0.971990613631233 0 -0.99731606405358 0.0732165081519738 0 0 0 0 0 0
-1.48351764633323 -0.687833404422587 1.63361712228751 0.166572311412076 -0.0645909042735148 -0.983911418856376 0 -0.997852144429247 0.0655060720962719 0 0 0 0 0 0
-1.36610288620999 -0.64901480404383 2.05595057744592 0.132609796167791 -0.0815309108620862 -0.9878093705439 0 -0.996611120869481 0.0822573817203554 0 0 0 0 0 0
-0.787071109663613 -0.684584764721318 2.0390277104995 0.0810867532276753 -0.073237047898137 -0.994012712829248 0 -0.997296729385488 0.073479008262148 0 0 0 0 0 0
-0.851634640275447 -1.13377553160724 2.26967029710483 0.0649560460210896 -0.0429766313006141 -0.996962246650974 0 -0.999072139315412 0.043067583670604 0 0 0 0 0 0
-0.497284588744827 -1.07835125282352 2.44580133032356 0.0200210640101639 -0.0639299741342155 -0.997753534397699 0 -0.997953574611249 0.0639427914936506 0 0 0 0 0 0
-0.608995636222384 -0.911759457811051 2.91318304409646 0.0324902629074982 -0.0926015550207331 -0.995173017532099 0 -0.995698665117309 0.0926504669013064 0 0 0 0 0 0
-0.294673792769581 -0.566396673495831 2.93898678242047 0.00106015509424884 -0.131696802500232 -0.991289477540436 0 -0.99129006839536 0.13169688099769 0 0 0 0 0 0
-0.44066397105622 -0.408192217143391 2.58483777523298 0.0223456706018796 -0.142221446614407 -0.989582604499623 0 -0.989829749009094 0.142256965882329 0 0 0 0 0 0
-0.86248373963258 -0.186417842104319 2.55936070694664 0.0742931782692677 -0.154827005682884 -0.985144213795078 0 -0.987874272862164 0.155256066590694 0 0 0 0 0 0
-0.863022645864455 -0.085044908566875 2.12677634469402 0.0896466592304163 -0.15061454055083 -0.984519546105352 0 -0.988499594769341 0.151223419473821 0 0 0 0 0 0
-1.23740115602922 -0.127368391731554 1.9313038550893 0.133532936213574 -0.136385241133434 -0.981615006480217 0 -0.990485395384823 0.137617689824331 0 0 0 0 0 0
-1.31050942767861 -0.104594996807101 1.50603121217146 0.168507786020607 -0.118720662628953 -0.978524670264054 0 -0.992720262999823 0.120442959702513 0 0 0 0 0 0
-1.66659948952226 -0.0862452877542133 1.26488680903235 0.212474259697773 -0.102788324689131 -0.971745465270348 0 -0.994452136291972 0.105190168337489 0 0 0 0 0 0
-1.51307402838184 -0.230857117521882 0.843795414867333 0.196907312974578 -0.0498307319344955 -0.979154945987612 0 -0.998707502483319 0.050825792221291 0 0 0 0 0 0
-1.39199534641786 -0.729106951913014 0.853546154901103 0.15727634715004 -0.0089108485365836 -0.98751442896066 0 -0.99995931281725 0.0090231450983849 0 0 0 0 0 0
-0.99123264547037 -0.667424449866989 0.69289094251306 0.113409206685751 -0.00252230482767077 -0.9935451624447 0 -0.999996808207452 0.00253868356702649 0 0 0 0 0 0
-0.861587180181298 -0.296438014840632 0.972281014574374 0.0955472193824567 -0.0630881377781471 -0.993423683903281 0 -0.997989619467985 0.0633781010402071 0 0 0 0 0 0
-0.848400749836048 -0.504258879050809 1.31426874488759 0.0860180537258353 -0.051079568499404 -0.994983302430314 0 -0.998684823491925 0.0512695938979778 0 0 0 0 0 0
-0.689293040821205 -1.01263058886098 1.07279489198397 0.0467574660497007 -0.00640317377173259 -0.998885748589027 0 -0.999979471367561 0.00641018488087991 0 0 0 0 0 0
-0.340429802777985 -0.645888876787623 0.907772455282853 0.0110026250231712 -0.0330169879862976 -0.999394226892927 0 -0.999454752192729 0.0330189875606824 0 0 0 0 0 0
-0.357643035661945 -0.431905092498567 1.36942863583406 0.00933975697159522 -0.0829491199073589 -0.996510016229795 0 -0.996553496456753 0.0829527391851391 0 0 0 0 0 0
-0.175779604907457 -0.791942853100167 1.44529437922204 -0.00774267340755311 -0.0459388763094016 -0.998914245894978 0 -0.998944195377078 0.0459402536504089 0 0 0 0 0 0
0.0898640213610915 -1.0145367708825 1.20756662367116 -0.0634983559309122 -0.0427077280216533 -0.997067705204265 0 -0.99908389092274 0.0427940879657737 0 0 0 0 0 0
0.227280992127928 -0.655118562017357 1.56769755295528 -0.0832297356714428 -0.0872406654879626 -0.992704325257667 0 -0.996160590467049 0.0875444083742355 0 0 0 0 0 0
0.268479376337614 -0.940779107270899 1.87888026009832 -0.0770066273750427 -0.0601893739649688 -0.995212147535402 0 -0.998176115916253 0.060368631625496 0 0 0 0 0 0
0.391826418765851 -1.2120465093141 1.64449703224065 -0.09733330368293 -0.0132489505694613 -0.995163651518169 0 -0.999911396421155 0.0133121589045327 0 0 0 0 0 0
0.768950344292595 -1.0185234492778 1.45200493492804 -0.00503240026056788 -0.0343962114897067 -0.999395605144816 0 -0.999408293421971 0.0343966481823059 0 0 0 0 0 0
0.567242709282213 -1.20138788066305 1.09165437915062 -0.138303358700872 0.00159054103610204 -0.990388636420709 0 -0.999998740801445 -0.00160597463945398 0 0 0 0 0 0
0.700125474132299 -1.08659147076953 0.762802389775864 -0.160533537134609 0.00409328406047471 -0.987021898683434 0 -0.999991400222909 -0.00414706995316326 0 0 0 0 0 0
0.700496050385429 -1.3067189763108 0.41043549875377 -0.161821397737076 0.0501765541519018 -0.985543580288493 0 -0.998706489744494 -0.0508467116693626 0 0 0 0 0 0
0.774123728327942 -1.00131102250493 0.152088257457972 -0.205797090889274 0.0222552148259854 -0.978341587991925 0 -0.999741391633129 -0.0227420153802238 0 0 0 0 0 0
1.19892808548695 -1.10414268553172 -0.0471439778470284 -0.257618273772232 0.0107859656485334 -0.966186569956157 0 -0.999937682817449 -0.0111627441665149 0 0 0 0 0 0
1.51086850748196 -0.768938332060909 -0.264172555470559 -0.30964032737164 -0.0142019151039848 -0.950747691699834 0 -0.999888444138412 0.0149359613713293 0 0 0 0 0 0
1.73797037882079 -1.09246710979971 -0.631867556003819 -0.360160327238574 0.0124482498740709 -0.932807364764278 0 -0.999910975152043 -0.0133437429213093 0 0 0 0 0 0
2.03932985439601 -0.754555771894019 -0.548816662452456 -0.413144288125915 -0.0232425208423924 -0.910368926542323 0 -0.999674254571047 0.0255225645560195 0 0 0 0 0 0
2.15548813969537 -0.623202821739355 -0.193778972593584 -0.409261954352822 -0.0527958942876865 -0.910888163423848 0 -0.998324481402521 0.0578637816379346 0 0 0 0 0 0
1.93139237368707 -0.824950884567468 0.129071446571107 -0.359140467324231 -0.0158294729077669 -0.933149265936375 0 -0.999856161727445 0.0169610550010416 0 0 0 0 0 0
1.69110379906708 -0.570318443308615 0.354330992392239 -0.322996181813038 -0.0410003252415824 -0.945511734387407 0 -0.999061126254878 0.0433223931791927 0 0 0 0 0 0
1.2590377204357 -0.8156109477817 0.446692522092324 -0.252683435511229 -0.0395493493045228 -0.966740363483304 0 -0.999164215448132 0.0408758091230977 0 0 0 0 0 0
0.92452349030286 -0.557300283487425 0.395266184113861 -0.188345196418943 -0.0589885985871463 -0.9803297568791 0 -0.998194573995733 0.0600635639427637 0 0 0 0 0 0
0.4977527683492 -0.720812203618131 0.605508218473194 -0.132003081322898 -0.054637384988782 -0.989742361770399 0 -0.998479735535717 0.0551197198595989 0 0 0 0 0 0
0.362147091958368 -0.47274286752819 0.264318154732244 -0.112766228019249 -0.0542894205219259 -0.992137307351006 0 -0.998506251368757 0.0546379270013199 0 0 0 0 0 0
0.33274642664836 -0.610705966860795 -0.191216401222757 -0.119877519670086 -0.0472569247635988 -0.991663331650231 0 -0.998866485055475 0.0476001852913082 0 0 0 0 0 0
0.275349698255907 -0.209484453173935 -0.447831998827787 -0.103143180601289 -0.111287000954062 -0.988421310835668 0 -0.993721306749726 0.11188373095561 0 0 0 0 0 0
0.556815531969568 -0.040694650386385 -0.0576886273272805 -0.154278328812015 -0.144421766106281 -0.977415239667212 0 -0.989259191413586 0.146171814969312 0 0 0 0 0 0
0.831965805882836 -0.407738173085573 -0.352482894505307 -0.197670719646606 -0.107758498995009 -0.974327661769251 0 -0.993939602511712 0.109927536557742 0 0 0 0 0 0
0.750538756238365 -0.183051031615761 -0.660275092144399 -0.203017105818543 -0.118766515109852 -0.971945764759394 0 -0.992616801195675 0.121292403950835 0 0 0 0 0 0
0.871326238153117 0.253302515644062 -0.553082870757276 -0.213657673025525 -0.195225221710405 -0.957202962576611 0 -0.979828551915695 0.199839797581714 0 0 0 0 0 0
1.25283584911025 0.0609583495362287 -0.352597548105237 -0.253264933144634 -0.186768251006328 -0.949196762560472 0 -0.981186407977618 0.193062678421731 0 0 0 0 0 0
1.35030959555223 -0.207872397446685 -0.75653967124655 -0.31141091457958 -0.151340895956675 -0.938146670564758 0 -0.98723665637974 0.159260044069482 0 0 0 0 0 0
1.33883217659846 0.176407366475917 -0.96172759885085 -0.340687931601101 -0.207902768307149 -0.916901397202331 0 -0.975243976040469 0.221131653864131 0 0 0 0 0 0
1.71214109133763 0.382940047091697 -0.765317124800095 -0.359405402425429 -0.241778606471711 -0.901316183234282 0 -0.965853009073289 0.259090648691424 0 0 0 0 0 0
2.02098016033975 0.15950862030482 -0.833646170921114 -0.417433451504334 -0.191713841752321 -0.888253970689546 0 -0.97749162538473 0.210974204413351 0 0 0 0 0 0
1.9172219859819 0.00767748265710111 -1.39816671986422 -0.431091503049969 -0.19455694958317 -0.881083259043667 0 -0.976477033030274 0.215621385305402 0 0 0 0 0 0
1.73063653011851 0.43945978965051 -1.49068136997837 -0.21677513404982 -0.298357173745989 -0.929511451318373 0 -0.952152142547437 0.305624445856707 0 0 0 0 0 0
1.38220943021278 0.33303854485813 -1.55566970674714 -0.364088522788569 -0.292797830715396 -0.884143075470252 0 -0.949298809190623 0.314375172687845 0 0 0 0 0 0
1.06555487276343 0.701326196070053 -1.55347191593044 -0.274964256269897 -0.342896317957738 -0.898229799608635 0 -0.934240617010811 0.35664333091504 0 0 0 0 0 0
0.76447293863453 0.563038158120879 -1.75209468281614 -0.212005991141283 -0.365775747572713 -0.906234827297994 0 -0.927314220538423 0.374283841268346 0 0 0 0 0 0
0.421099995450731 1.0223503914038 -1.75119789323077 -0.169608604741928 -0.445376067674127 -0.879132003478788 0 -0.892056527577266 0.45192374617606 0 0 0 0 0 0
0.499879623857927 1.36553837052521 -1.95268368873661 -0.169158435094793 -0.51020467131429 -0.84325359009337 0 -0.855583533944215 0.517664817376696 0 0 0 0 0 0
0.344363823759841 1.74832072485972 -1.87861215196709 -0.130424599895154 -0.569860396209958 -0.81132518300224 0 -0.818315035958662 0.57476994475923 0 0 0 0 0 0
-0.0534154424419328 1.78422046240939 -2.2073893542828 -0.0863119900104663 -0.635095512404189 -0.767596202768418 0 -0.770471484318897 0.637474469469143 0 0 0 0 0 0
0.164769830876565 2.20434650835254 -2.31025016708043 -0.107769570955181 -0.68028327649246 -0.724983022767306 0 -0.729230123947331 0.68426851727136 0 0 0 0 0 0
0.567380380025683 2.10407536424814 -2.37468954319129 -0.190141304317199 -0.674043230773691 -0.713801097954269 0 -0.727065131259298 0.686568473292419 0 0 0 0 0 0
0.598944829989788 1.73319905845513 -2.26973976771204 0.00529901483208317 -0.630334373697644 -0.776305672900185 0 -0.77631659310983 0.630343240544489 0 0 0 0 0 0
0.979537220862817 1.7563389487913 -1.99019662123734 -0.252908609332435 -0.573023293438073 -0.779539312993846 0 -0.805733552684101 0.59227813953271 0 0 0 0 0 0
1.03890607451041 1.35442557398406 -1.78103499570157 -0.25092770105218 -0.488030804313921 -0.835979200031541 0 -0.863609669418277 0.504161014488853 0 0 0 0 0 0
0.880455231744704 1.12655781452244 -1.41252555001472 -0.245014963254694 -0.410310179933648 -0.878415177478234 0 -0.906031640566296 0.423209906884318 0 0 0 0 0 0
0.953907825010839 0.785373673924248 -1.20084018444362 -0.23534664773303 -0.34639627731735 -0.908086765932368 0 -0.934330723846511 0.35640722524059 0 0 0 0 0 0
0.53763393468347 0.840686947799874 -0.980455860149476 -0.154605811021948 -0.353336957122393 -0.922632124917474 0 -0.933860628821158 0.357637095059515 0 0 0 0 0 0
0.191567481575688 1.04346366246623 -0.971845434599274 -0.086518547816303 -0.392131511381299 -0.915831544917282 0 -0.919278589771597 0.393607432270925 0 0 0 0 0 0
0.258510047623117 1.41456823360322 -0.607943398564732 -0.0638244423276161 -0.408669158223887 -0.91044821910867 0 -0.912308266482639 0.409504070060301 0 0 0 0 0 0
0.566998712604425 1.52386052855906 -0.803009215154994 -0.126988919223123 -0.442185948469908 -0.887888169405534 0 -0.895135057946556 0.445795042940795 0 0 0 0 0 0
0.513123158229116 1.62704938922939 -1.21713127595185 -0.129811927769191 -0.483676766820369 -0.86556666331776 0 -0.87295302981663 0.487804252337233 0 0 0 0 0 0
0.143716776889661 1.72588494598347 -0.997484351557805 -0.0570541126963636 -0.496902837529335 -0.86592863347953 0 -0.867341476660165 0.497713580768787 0 0 0 0 0 0
0.355452979474673 2.00467788761914 -0.772848482649721 -0.0675223646263307 -0.511489545713161 -0.856632461970368 0 -0.858591993721022 0.512659569088935 0 0 0 0 0 0
0.596504602377474 2.17514774446066 -1.13722338594945 -0.116529448487803 -0.543870403858578 -0.831039031238507 0 -0.836739529550509 0.547601073782135 0 0 0 0 0 0
0.225162222015282 2.28478787313378 -1.46139043966924 -0.0746937586647439 -0.591291269993455 -0.80299157931205 0 -0.805241012742734 0.592947663888812 0 0 0 0 0 0
0.171513390446641 2.56988253871607 -1.05314857692571 -0.0417620936224236 -0.611020884515369 -0.790512116429804 0 -0.791202387649298 0.61155442489043 0 0 0 0 0 0
0.487131810232098 2.82184780533827 -1.18643924388365 -0.0891691889047346 -0.636287472706387 -0.766281350306133 0 -0.769346038418846 0.638832259491413 0 0 0 0 0 0
0.296966615652594 2.84234718792016 -1.61917703941983 -0.0700664793332008 -0.683249508788257 -0.726815518006086 0 -0.728606197660454 0.684932853411388 0 0 0 0 0 0
-0.194135516785241 3.11281707949071 -1.52810158726743 -0.026979750632334 -0.694861067716502 -0.718637731842477 0 -0.718899415230758 0.695114093115153 0 0 0 0 0 0
0.235205288880632 3.35868014016886 -1.57401663500968 -0.0663988173341325 -0.69078554329243 -0.720004534871004 0 -0.721596956744006 0.692313342015101 0 0 0 0 0 0
-1.12284566602494 -0.892571671205514 -1.43521587404649 0.39257204492356 -0.410994442875563 0.822782326906659 0.458076879587815 0.863118970335229 0.212582255690703 0 0 0 0 0 0
-1.21124294170744 -0.533185935334061 -1.12935911547496 0.844537213061879 -0.416122292614769 0.33704470525837 0.267363848842071 0.873005825500962 0.407893859936308 0 0 0 0 0 0
-1.01990976103172 -0.114674292183606 -0.760118038211949 0.882924344946929 -0.44367964374898 -0.153600048251341 0.466623259626161 0.7929466017515 0.391788744537924 0 0 0 0 0 0
-0.753980424088656 -0.0367592868033605 -0.330710226278497 0.726042946117263 -0.0184792724170435 -0.687401016062899 0.469356528165669 0.743890272477748 0.47574332573484 0 0 0 0 0 0
-0.409920055017398 0.15170841985706 -0.0178805492916953 0.2795983748206 0.307769303774943 -0.90945192531083 0.615155245488703 0.669843999988959 0.415804088034878 0 0 0 0 0 0
0.110196230981582 0.319148638677191 0.144807140490244 -0.179076472807463 0.430799724844351 -0.884501675499185 0.612102100655243 0.752631500733178 0.242645507845462 0 0 0 0 0 0
0.635333343993011 0.664871822323242 0.0379105162835091 -0.709085239975064 0.509043417523508 -0.487927168259253 0.445916813994024 0.859761034176726 0.248936054256477 0 0 0 0 0 0
0.922614667358239 1.04162425391425 -0.200684757783126 -0.885639809628631 0.46417148287129 0.013673408134699 0.463886751920324 0.882982272656949 0.0717731674540228 0 0 0 0 0 0
1.01029020050366 1.45167386858235 -0.452558771371806 -0.67506502843515 0.351920488458395 0.648412813867115 0.514103424152152 0.854757717539222 0.0713226021831406 0 0 0 0 0 0
0.949323606141526 2.04943886879676 -0.635703380970927 -0.204476280748326 -0.0502515626241147 0.977580805389075 0.316976937786514 0.941472474516242 0.114696123037098 0 0 0 0 0 0
1.98234907219588 2.37746823428228 -0.735615500112384 -0.16522748156214 0.985749555089367 0.0315862941440212 -0.939837653674755 -0.147660739014538 -0.308060855820409 0 0 0 0 0 0
0.619585151624726 1.92635035113786 0.542182905811583 0.263743410333901 0.124021966777435 -0.956586621933472 -0.579206454574753 -0.772649893231821 -0.259869246868086 0 0 0 0 0 0
0.183405509144517 1.86197865704625 0.28763742475418 0.65838463732227 -0.230341343580526 -0.716569978980104 -0.60549199761643 -0.727608516552974 -0.322436485934893 0 0 0 0 0 0
-0.0975789698116074 1.62778813657264 -0.139638761975476 0.865258313173317 -0.492522871928541 -0.0935375438619874 -0.49085162864444 -0.794361900339349 -0.357846126074268 0 0 0 0 0 0
-0.223810090534592 1.29539840216812 -0.583335193867629 0.713064043113641 -0.458126058587241 0.53071667098534 -0.484661006338626 -0.869078871875381 -0.0990233477248832 0 0 0 0 0 0
-0.078749009106911 0.801432853306328 -0.924829772205008 0.319516961314195 -0.425423658582467 0.84671342386362 -0.436207833909672 -0.8592811929867 -0.267130224825246 0 0 0 0 0 0
0.065408891445788 0.398888569946037 -1.05696082265719 -0.486256371057529 -0.135984519357745 0.863170291484256 -0.404301681808891 -0.840709761545948 -0.360204451565872 0 0 0 0 0 0
0.09201979412844 -0.159824779833608 -1.12734034204972 -0.729787492217554 0.206939725058538 0.651602767332601 -0.480728919760097 -0.833006952756131 -0.273859676415218 0 0 0 0 0 0
0.0280967062565303 -0.66092782733855 -0.996261917575932 -0.876260708650214 0.459703855231256 0.144359052232056 -0.47855134700703 -0.865237824618523 -0.14950623775336 0 0 0 0 0 0
-0.226034150816133 -1.13415862716055 -0.73071344737393 -0.787641176202085 0.526693155729015 -0.31971189727504 -0.505715778026058 -0.849051890242114 -0.152847765871107 0 0 0 0 0 0
-0.605035972031217 -1.42661446560528 -0.542421899391371 -0.372404029532618 0.488561961034799 -0.789064286999288 -0.734690340781988 -0.674677495928608 -0.0709956311976275 0 0 0 0 0 0
-1.05309220843709 -1.42023848717821 -0.348476784206515 0.123514813262011 -0.394466771325634 -0.910571280694037 -0.621829242018528 -0.745867588613714 0.23876753134845 0 0 0 0 0 0
