t = 0
b =  20.0 20.0 20.0
E = 0. 0. 0.
8.581518421677726 12.667831005982395 0.28632516346933723 -0.023081781483792273 0.924084479971349 -0.3814906358478748 0.6581096329512525 0.30129541369915674 0.6900092642136204 0.0 0.0 0.0 0.0 0.0 0.0
9.100165489143714 12.807860952741327 0.29537698858815303 -0.4599824113807019 0.8864241698415499 0.051656290431209895 0.6581096329512525 0.30129541369915674 0.6900092642136204 0.0 0.0 0.0 0.0 0.0 0.0
9.513959551462106 13.149951316907016 0.31620386673613066 -0.7221280326982812 0.511996497367155 0.4651781283283582 0.6581096329512525 0.30129541369915674 0.6900092642136204 0.0 0.0 0.0 0.0 0.0 0.0
9.763144506005132 13.608751298757541 0.44306811387340816 -0.7099251410569203 -0.05694720458196595 0.7019710179100066 0.6581096329512525 0.30129541369915674 0.6900092642136204 0.0 0.0 0.0 0.0 0.0 0.0
9.850502002306406 14.05457016353176 0.7299466766308214 -0.42800981901264057 -0.6042557114039111 0.6720733814580958 0.6581096329512525 0.30129541369915674 0.6900092642136204 0.0 0.0 0.0 0.0 0.0 0.0
9.840294646896401 14.362648919878525 1.1700243878384267 0.016513589217104996 -0.9219973708467653 0.38684383092253166 0.6581096329512525 0.30129541369915674 0.6900092642136204 0.0 0.0 0.0 0.0 0.0 0.0
9.833851564668038 14.460558346530082 1.6982831624768813 0.454763208810784 -0.8894568141309381 -0.04535415866444836 0.6581096329512525 0.30129541369915674 0.6900092642136204 0.0 0.0 0.0 0.0 0.0 0.0
9.931071770197235 14.355716064413693 2.2162034552207044 0.720240682141858 -0.518996742801868 -0.460321345093709 0.6581096329512525 0.30129541369915674 0.6900092642136204 0.0 0.0 0.0 0.0 0.0 0.0
10.192470861883075 14.13256845844536 2.6291934828663845 0.7120866785451956 0.04863886828043798 -0.7004047563593983 0.6581096329512525 0.30129541369915674 0.6900092642136204 0.0 0.0 0.0 0.0 0.0 0.0
10.616190134349132 13.92050808403198 2.8825262242616727 0.433399040314839 0.5977957601044939 -0.6743926905411011 0.6581096329512525 0.30129541369915674 0.6900092642136204 0.0 0.0 0.0 0.0 0.0 0.0
