85
0 1 0.45339618327904485 s 3.0997992305717093
0 2 0.7033465437337693 s 3.0997992305717093
0 3 0.8986116594805912 s 3.0997992305717093
0 4 1.29612709152005 s 3.0997992305717093
0 10 1.4155866156060928 s 3.0997992305717093
0 11 1.1604418607886364 s 3.0997992305717093
0 12 0.7251692334393883 s 3.0997992305717093
0 13 0.6361882990410551 s 3.0997992305717093
0 14 0.559223889869209 s 3.0997992305717093
0 15 0.9518779348111988 s 3.0997992305717093
0 16 1.1586430057571722 s 3.0997992305717093
0 17 1.5050055399197346 s 3.0997992305717093
0 18 1.3107295956304634 s 3.0997992305717093
0 19 1.2866163708194036 s 3.0997992305717093
1 2 0.44905498659661003 s 3.0997992305717093
1 3 0.7425026693373589 s 3.0997992305717093
1 4 1.171317218432181 s 3.0997992305717093
1 5 1.4031389136077372 s 3.0997992305717093
1 10 1.4548422524614313 s 3.0997992305717093
1 11 1.2685355388720523 s 3.0997992305717093
1 12 0.8465762254641082 s 3.0997992305717093
1 13 0.7912099781901714 s 3.0997992305717093
1 14 0.744925125838267 s 3.0997992305717093
1 15 0.957817249062172 s 3.0997992305717093
1 16 1.0112409805999845 s 3.0997992305717093
1 17 1.4332739326070487 s 3.0997992305717093
1 18 1.3444121500284156 s 3.0997992305717093
1 19 1.2166729313009632 s 3.0997992305717093
2 3 0.4478679948328716 s 3.0997992305717093
2 4 0.7944897285400824 s 3.0997992305717093
2 5 1.0484482816512828 s 3.0997992305717093
2 6 1.4118507937636193 s 3.0997992305717093
2 9 1.4566304216156656 s 3.0997992305717093
2 10 1.2479716643814152 s 3.0997992305717093
2 11 1.029555373455085 s 3.0997992305717093
2 12 0.6648435862821409 s 3.0997992305717093
2 13 0.6068363760370235 s 3.0997992305717093
2 14 0.7468117906578873 s 3.0997992305717093
2 15 0.8394921488793762 s 3.0997992305717093
2 16 0.7280505864643585 s 3.0997992305717093
2 17 1.1281886957760003 s 3.0997992305717093
2 18 1.0270448582606022 s 3.0997992305717093
2 19 0.8042158992595888 s 3.0997992305717093
2 20 1.1698704997290135 s 3.0997992305717093
2 21 1.4414559132022642 s 3.0997992305717093
2 22 1.3038499060427728 s 3.0997992305717093
2 23 1.338078346541938 s 3.0997992305717093
3 4 0.44697172840573296 s 3.0997992305717093
3 5 0.7321463367367098 s 3.0997992305717093
3 6 1.0398074966585882 s 3.0997992305717093
3 7 1.1892625466592555 s 3.0997992305717093
3 8 1.3732249679393926 s 3.0997992305717093
3 9 1.0385636157543265 s 3.0997992305717093
3 10 0.8265063473027474 s 3.0997992305717093
3 11 0.7087271505929563 s 3.0997992305717093
3 12 0.4978967955072031 s 3.0997992305717093
3 13 0.7352679313833548 s 3.0997992305717093
3 14 1.0542828122414367 s 3.0997992305717093
3 15 1.2132271117541318 s 3.0997992305717093
3 16 1.0716631060439843 s 3.0997992305717093
3 17 1.3977224569485913 s 3.0997992305717093
3 18 1.2048010893967585 s 3.0997992305717093
3 19 0.8849824593966688 s 3.0997992305717093
3 20 1.2625299727966042 s 3.0997992305717093
3 21 1.4910384841779527 s 3.0997992305717093
3 22 1.2325114317324612 s 3.0997992305717093
3 23 1.21426267204309 s 3.0997992305717093
4 5 0.453348824703591 s 3.0997992305717093
4 6 0.6536187394146032 s 3.0997992305717093
4 7 0.913962677822841 s 3.0997992305717093
4 8 1.0678132858109084 s 3.0997992305717093
4 9 0.728381025128023 s 3.0997992305717093
4 10 0.7209835850780971 s 3.0997992305717093
4 11 0.6468117659293595 s 3.0997992305717093
4 12 0.7059374239350508 s 3.0997992305717093
4 13 0.9452981236852935 s 3.0997992305717093
4 14 1.3367941703625006 s 3.0997992305717093
4 15 1.4204086325246237 s 3.0997992305717093
4 16 1.1931162344992576 s 3.0997992305717093
4 17 1.4082702516763599 s 3.0997992305717093
4 18 1.1939786570153483 s 3.0997992305717093
4 19 0.7957997793327337 s 3.0997992305717093
4 20 1.0921055896082865 s 3.0997992305717093
4 21 1.286413497358592 s 3.0997992305717093
4 22 0.9738966740642391 s 3.0997992305717093
4 23 0.8596750783560926 s 3.0997992305717093
4 24 1.2906214862514216 s 3.0997992305717093
4 25 1.28205329037873 s 3.0997992305717093
4 26 1.1510133790689385 s 3.0997992305717093
4 27 1.4316094001957174 s 3.0997992305717093
5 6 0.44644674346804214 s 3.0997992305717093
5 7 0.7130679630190785 s 3.0997992305717093
5 8 1.0286645195203232 s 3.0997992305717093
5 9 0.8658458154785175 s 3.0997992305717093
5 10 0.963171443271561 s 3.0997992305717093
5 11 1.052446810565487 s 3.0997992305717093
5 12 1.123933941727742 s 3.0997992305717093
5 13 1.3588410031221272 s 3.0997992305717093
5 16 1.4360599721844596 s 3.0997992305717093
5 19 1.1038099219121478 s 3.0997992305717093
5 20 1.276645098961679 s 3.0997992305717093
5 22 1.2829952895946495 s 3.0997992305717093
5 23 1.0167459956757026 s 3.0997992305717093
5 24 1.419413600864103 s 3.0997992305717093
5 25 1.4530071944009648 s 3.0997992305717093
5 26 1.1879392189677873 s 3.0997992305717093
5 27 1.3934093328064474 s 3.0997992305717093
6 7 0.444610350266705 s 3.0997992305717093
6 8 0.6647622512274065 s 3.0997992305717093
6 9 0.6087483543813909 s 3.0997992305717093
6 10 0.8962817792750104 s 3.0997992305717093
6 11 1.0704723993198146 s 3.0997992305717093
6 12 1.303158142309891 s 3.0997992305717093
6 19 1.3130942858196586 s 3.0997992305717093
6 20 1.4531701936844343 s 3.0997992305717093
6 22 1.2956681669710879 s 3.0997992305717093
6 23 1.010532405673486 s 3.0997992305717093
6 24 1.329758328178475 s 3.0997992305717093
6 25 1.2542053196671714 s 3.0997992305717093
6 26 0.9236617286171342 s 3.0997992305717093
6 27 1.1952396700200978 s 3.0997992305717093
7 8 0.4485061366258018 s 3.0997992305717093
7 9 0.628035302263511 s 3.0997992305717093
7 10 0.8389541765350775 s 3.0997992305717093
7 11 1.175832423383939 s 3.0997992305717093
7 12 1.435915135640258 s 3.0997992305717093
7 23 1.4348119998189641 s 3.0997992305717093
7 26 1.282009303754515 s 3.0997992305717093
8 9 0.44441284179125823 s 3.0997992305717093
8 10 0.7609791725234174 s 3.0997992305717093
8 11 1.1044059246392246 s 3.0997992305717093
8 12 1.4727817839820976 s 3.0997992305717093
8 23 1.4668760940345849 s 3.0997992305717093
8 25 1.464904541050925 s 3.0997992305717093
8 26 1.195642723026058 s 3.0997992305717093
9 10 0.44531133563427694 s 3.0997992305717093
9 11 0.6797106036305085 s 3.0997992305717093
9 12 1.0660117943351743 s 3.0997992305717093
9 13 1.427600444567172 s 3.0997992305717093
9 19 1.3724537024661496 s 3.0997992305717093
9 22 1.2485113353647137 s 3.0997992305717093
9 23 1.161402067073423 s 3.0997992305717093
9 24 1.4522042165391889 s 3.0997992305717093
9 25 1.2188498617182804 s 3.0997992305717093
9 26 1.0474409611061473 s 3.0997992305717093
9 27 1.4575820815948926 s 3.0997992305717093
10 11 0.44729646561671416 s 3.0997992305717093
10 12 0.7751935823810585 s 3.0997992305717093
10 13 1.2027121098845055 s 3.0997992305717093
10 19 1.3713222852185762 s 3.0997992305717093
10 22 1.3750498658070243 s 3.0997992305717093
10 23 1.3792494952002474 s 3.0997992305717093
10 26 1.4274976120343636 s 3.0997992305717093
11 12 0.44822938646414073 s 3.0997992305717093
11 13 0.8157173155178414 s 3.0997992305717093
11 14 1.2528886043594298 s 3.0997992305717093
11 15 1.493960990094382 s 3.0997992305717093
11 16 1.4514673208072824 s 3.0997992305717093
11 18 1.2612410685372077 s 3.0997992305717093
11 19 1.0415690865486895 s 3.0997992305717093
11 20 1.4293020476181066 s 3.0997992305717093
11 21 1.4483246598551751 s 3.0997992305717093
11 22 1.051557358013558 s 3.0997992305717093
11 23 1.1747777156964843 s 3.0997992305717093
11 24 1.5217588520768575 s 3.0997992305717093
11 25 1.3592807034841423 s 3.0997992305717093
11 26 1.3756661756340327 s 3.0997992305717093
12 13 0.44804738159990415 s 3.0997992305717093
12 14 0.846311730085619 s 3.0997992305717093
12 15 1.130045492603835 s 3.0997992305717093
12 16 1.1482123225369412 s 3.0997992305717093
12 17 1.3989420251538842 s 3.0997992305717093
12 18 1.0799721719385278 s 3.0997992305717093
12 19 0.9104620251672553 s 3.0997992305717093
12 20 1.3512639157274091 s 3.0997992305717093
12 21 1.441129237724203 s 3.0997992305717093
12 22 1.1406486528134863 s 3.0997992305717093
12 23 1.2931329461402843 s 3.0997992305717093
13 14 0.4496880766459374 s 3.0997992305717093
13 15 0.7069391993034663 s 3.0997992305717093
13 16 0.8204048702143599 s 3.0997992305717093
13 17 1.0459464196794637 s 3.0997992305717093
13 18 0.7399565935341046 s 3.0997992305717093
13 19 0.7279277265851071 s 3.0997992305717093
13 20 1.1626036928303898 s 3.0997992305717093
13 21 1.2409799695036963 s 3.0997992305717093
13 22 1.0621654002065073 s 3.0997992305717093
13 23 1.293537885258763 s 3.0997992305717093
14 15 0.4499472200098228 s 3.0997992305717093
14 16 0.7808451590578959 s 3.0997992305717093
14 17 1.0326254107989703 s 3.0997992305717093
14 18 0.8548414118763386 s 3.0997992305717093
14 19 0.9857640912208984 s 3.0997992305717093
14 20 1.3544042467433441 s 3.0997992305717093
14 21 1.4560282385903827 s 3.0997992305717093
14 22 1.394255660497784 s 3.0997992305717093
15 16 0.4509505810586314 s 3.0997992305717093
15 17 0.6561331879046646 s 3.0997992305717093
15 18 0.6617515934015576 s 3.0997992305717093
15 19 0.8564644081916574 s 3.0997992305717093
15 20 1.103796050881766 s 3.0997992305717093
15 21 1.2501653551622443 s 3.0997992305717093
15 22 1.3231110272095101 s 3.0997992305717093
16 17 0.44799825453707054 s 3.0997992305717093
16 18 0.6026393789135875 s 3.0997992305717093
16 19 0.5966245295337961 s 3.0997992305717093
16 20 0.756976122307647 s 3.0997992305717093
16 21 1.0369552228351513 s 3.0997992305717093
16 22 1.1404300990474807 s 3.0997992305717093
16 23 1.2297593799249458 s 3.0997992305717093
17 18 0.4467105626348203 s 3.0997992305717093
17 19 0.6373763574971728 s 3.0997992305717093
17 20 0.5912226849285387 s 3.0997992305717093
17 21 0.7481600994411377 s 3.0997992305717093
17 22 1.0059750943997976 s 3.0997992305717093
17 23 1.1526429444141892 s 3.0997992305717093
17 24 1.3572792566490612 s 3.0997992305717093
18 19 0.44529339450531397 s 3.0997992305717093
18 20 0.6344964227841856 s 3.0997992305717093
18 21 0.6161199740043786 s 3.0997992305717093
18 22 0.7076576846251481 s 3.0997992305717093
18 23 0.9904473429855988 s 3.0997992305717093
18 24 1.2187863711628675 s 3.0997992305717093
18 25 1.3895924690687385 s 3.0997992305717093
18 43 1.4766595344930102 s 3.0997992305717093
19 20 0.44721602299892715 s 3.0997992305717093
19 21 0.6397724543961562 s 3.0997992305717093
19 22 0.5752089244367723 s 3.0997992305717093
19 23 0.6790934428860247 s 3.0997992305717093
19 24 1.0316180312805197 s 3.0997992305717093
19 25 1.206190708541173 s 3.0997992305717093
19 26 1.2935887275582296 s 3.0997992305717093
19 27 1.4384619992409196 s 3.0997992305717093
20 21 0.44750543858570957 s 3.0997992305717093
20 22 0.645620683059786 s 3.0997992305717093
20 23 0.6070729875642161 s 3.0997992305717093
20 24 0.8292038042241264 s 3.0997992305717093
20 25 1.1535577987098642 s 3.0997992305717093
20 26 1.2405601785547657 s 3.0997992305717093
20 27 1.2429809162195133 s 3.0997992305717093
20 28 1.4512690667614225 s 3.0997992305717093
20 29 1.3155692248732374 s 3.0997992305717093
20 42 1.3899881061128232 s 3.0997992305717093
20 43 1.420795498662315 s 3.0997992305717093
21 22 0.4463812766282865 s 3.0997992305717093
21 23 0.641923336951152 s 3.0997992305717093
21 24 0.6729727124534383 s 3.0997992305717093
21 25 0.9422317679646361 s 3.0997992305717093
21 26 1.1854241460959503 s 3.0997992305717093
21 27 1.2198324172753605 s 3.0997992305717093
21 28 1.2876890777445429 s 3.0997992305717093
21 29 1.1477634526988172 s 3.0997992305717093
21 30 1.2573680308767068 s 3.0997992305717093
21 31 1.349740651621217 s 3.0997992305717093
21 41 1.4577390386787585 s 3.0997992305717093
21 42 1.017388820108365 s 3.0997992305717093
21 43 1.01384654151837 s 3.0997992305717093
21 44 1.3514363498561786 s 3.0997992305717093
21 45 1.4864831500718254 s 3.0997992305717093
22 23 0.4468233429913756 s 3.0997992305717093
22 24 0.6222479009539322 s 3.0997992305717093
22 25 0.6874178743788351 s 3.0997992305717093
22 26 0.9198496938171196 s 3.0997992305717093
22 27 1.1118480405401034 s 3.0997992305717093
22 28 1.2018294339817177 s 3.0997992305717093
22 29 1.224102881331693 s 3.0997992305717093
22 30 1.3945920791743731 s 3.0997992305717093
22 42 1.1497733506325725 s 3.0997992305717093
22 43 1.2434750661579739 s 3.0997992305717093
23 24 0.44622867275730344 s 3.0997992305717093
23 25 0.6356403020771214 s 3.0997992305717093
23 26 0.645004113940944 s 3.0997992305717093
23 27 0.7672007683471952 s 3.0997992305717093
23 28 1.0010008455566197 s 3.0997992305717093
23 29 1.045042382352701 s 3.0997992305717093
23 30 1.3461540056952537 s 3.0997992305717093
23 42 1.2503358336358565 s 3.0997992305717093
23 43 1.4466035062206328 s 3.0997992305717093
24 25 0.44716722463104647 s 3.0997992305717093
24 26 0.6089112402921278 s 3.0997992305717093
24 27 0.5731235948120177 s 3.0997992305717093
24 28 0.6375505701960507 s 3.0997992305717093
24 29 0.6252471346957968 s 3.0997992305717093
24 30 0.9051535352142874 s 3.0997992305717093
24 31 1.1604413867621646 s 3.0997992305717093
24 32 1.4459786769257885 s 3.0997992305717093
24 40 1.5162698114716933 s 3.0997992305717093
24 41 1.2537783699540603 s 3.0997992305717093
24 42 0.8554090662235153 s 3.0997992305717093
24 43 1.1326656203958678 s 3.0997992305717093
25 26 0.4472861900996016 s 3.0997992305717093
25 27 0.6795894095835839 s 3.0997992305717093
25 28 0.6202530349877342 s 3.0997992305717093
25 29 0.8504313853808017 s 3.0997992305717093
25 30 1.0677501193937908 s 3.0997992305717093
25 31 1.431736135211085 s 3.0997992305717093
25 41 1.2897345435939491 s 3.0997992305717093
25 42 0.9562036524566465 s 3.0997992305717093
25 43 1.270277379180356 s 3.0997992305717093
26 27 0.44683908092195984 s 3.0997992305717093
26 28 0.6410833701513525 s 3.0997992305717093
26 29 0.9492117381497195 s 3.0997992305717093
26 30 1.2988335553944779 s 3.0997992305717093
26 42 1.3152883203026184 s 3.0997992305717093
27 28 0.4481738206053074 s 3.0997992305717093
27 29 0.6417596146602189 s 3.0997992305717093
27 30 1.068677571034987 s 3.0997992305717093
27 31 1.355667025160099 s 3.0997992305717093
27 41 1.5173180473490018 s 3.0997992305717093
27 42 1.2256330411616654 s 3.0997992305717093
28 29 0.4456213344887297 s 3.0997992305717093
28 30 0.7559345067979012 s 3.0997992305717093
28 31 1.1397889318033445 s 3.0997992305717093
28 32 1.4241800977915313 s 3.0997992305717093
28 40 1.2387446286681854 s 3.0997992305717093
28 41 1.1432537921137607 s 3.0997992305717093
28 42 0.9353737190300431 s 3.0997992305717093
28 43 1.3588211955724363 s 3.0997992305717093
29 30 0.4492969122637515 s 3.0997992305717093
29 31 0.7282664124193682 s 3.0997992305717093
29 32 1.078563179700348 s 3.0997992305717093
29 33 1.3274355147501482 s 3.0997992305717093
29 39 1.4865493523672446 s 3.0997992305717093
29 40 1.064295963964298 s 3.0997992305717093
29 41 0.9698175576132285 s 3.0997992305717093
29 42 0.7373431156360843 s 3.0997992305717093
29 43 1.120536261900079 s 3.0997992305717093
29 44 1.4530782795154953 s 3.0997992305717093
30 31 0.4530358871326974 s 3.0997992305717093
30 32 0.6691810729647185 s 3.0997992305717093
30 33 0.9020936178596146 s 3.0997992305717093
30 34 1.2799120892301674 s 3.0997992305717093
30 38 1.38424760197563 s 3.0997992305717093
30 39 1.1020319102904865 s 3.0997992305717093
30 40 0.6590277701165272 s 3.0997992305717093
30 41 0.5548810410621313 s 3.0997992305717093
30 42 0.4620047860949723 s 3.0997992305717093
30 43 0.831453600480855 s 3.0997992305717093
30 44 1.1062890125778122 s 3.0997992305717093
30 45 1.4365796601171614 s 3.0997992305717093
30 46 1.2861360312842691 s 3.0997992305717093
30 47 1.207847517488359 s 3.0997992305717093
31 32 0.4498470706278388 s 3.0997992305717093
31 33 0.7711782259613794 s 3.0997992305717093
31 34 1.2008370283417684 s 3.0997992305717093
31 35 1.4560234094131854 s 3.0997992305717093
31 38 1.3816812217206969 s 3.0997992305717093
31 39 1.2267955705637803 s 3.0997992305717093
31 40 0.8122972536563325 s 3.0997992305717093
31 41 0.7682184490613482 s 3.0997992305717093
31 42 0.7114365730526476 s 3.0997992305717093
31 43 0.8721037940042964 s 3.0997992305717093
31 44 0.9822020937315293 s 3.0997992305717093
31 45 1.398614187062691 s 3.0997992305717093
31 46 1.371478852277982 s 3.0997992305717093
31 47 1.2071442473089455 s 3.0997992305717093
32 33 0.44289032538257994 s 3.0997992305717093
32 34 0.8077164151173989 s 3.0997992305717093
32 35 1.1055562296216235 s 3.0997992305717093
32 36 1.4221778524922184 s 3.0997992305717093
32 37 1.4199451666104994 s 3.0997992305717093
32 38 1.131280971335505 s 3.0997992305717093
32 39 0.9946632910614914 s 3.0997992305717093
32 40 0.6552290193953033 s 3.0997992305717093
32 41 0.5929647190642341 s 3.0997992305717093
32 42 0.7332034680765533 s 3.0997992305717093
32 43 0.7433128721991756 s 3.0997992305717093
32 44 0.7000968528724014 s 3.0997992305717093
32 45 1.1027466872981297 s 3.0997992305717093
32 46 1.0658402444598154 s 3.0997992305717093
32 47 0.8061177259038366 s 3.0997992305717093
32 48 1.1390664701254831 s 3.0997992305717093
32 49 1.4442650182009167 s 3.0997992305717093
32 50 1.3074284711551698 s 3.0997992305717093
32 51 1.3575613057491942 s 3.0997992305717093
33 34 0.4469378785797109 s 3.0997992305717093
33 35 0.7152496907010191 s 3.0997992305717093
33 36 1.0224790066207148 s 3.0997992305717093
33 37 1.0057050706536508 s 3.0997992305717093
33 38 0.6995978092613307 s 3.0997992305717093
33 39 0.6665754909429281 s 3.0997992305717093
33 40 0.5100497863555111 s 3.0997992305717093
33 41 0.714481128322672 s 3.0997992305717093
33 42 1.0387025286675249 s 3.0997992305717093
33 43 1.1007238133061714 s 3.0997992305717093
33 44 1.017428584981358 s 3.0997992305717093
33 45 1.3488500000129942 s 3.0997992305717093
33 46 1.2296150407680857 s 3.0997992305717093
33 47 0.8602198892409613 s 3.0997992305717093
33 48 1.1825120720283135 s 3.0997992305717093
33 49 1.458951853425772 s 3.0997992305717093
33 50 1.2178503880418663 s 3.0997992305717093
33 51 1.1816176442467576 s 3.0997992305717093
34 35 0.447140083936254 s 3.0997992305717093
34 36 0.6252658856347039 s 3.0997992305717093
34 37 0.6857984440443564 s 3.0997992305717093
34 38 0.5805368102524294 s 3.0997992305717093
34 39 0.6355014816878839 s 3.0997992305717093
34 40 0.7456736854806567 s 3.0997992305717093
34 41 0.9270086042072107 s 3.0997992305717093
34 42 1.3199999087559828 s 3.0997992305717093
34 43 1.3105004097894424 s 3.0997992305717093
34 44 1.151271332063442 s 3.0997992305717093
34 45 1.3669916154348198 s 3.0997992305717093
34 46 1.2112811840506348 s 3.0997992305717093
34 47 0.7816916763513352 s 3.0997992305717093
34 48 1.010046493121889 s 3.0997992305717093
34 49 1.2411020468429805 s 3.0997992305717093
34 50 0.9569810867825962 s 3.0997992305717093
34 51 0.8114343904839052 s 3.0997992305717093
34 52 1.258666847426101 s 3.0997992305717093
34 53 1.3058517927183866 s 3.0997992305717093
34 54 1.1779406659580123 s 3.0997992305717093
34 55 1.4091767052257498 s 3.0997992305717093
35 36 0.4441220966207909 s 3.0997992305717093
35 37 0.6995495677387377 s 3.0997992305717093
35 38 0.612293825978304 s 3.0997992305717093
35 39 0.9179650257839038 s 3.0997992305717093
35 40 1.0920177915962463 s 3.0997992305717093
35 41 1.3437420197094956 s 3.0997992305717093
35 44 1.4904452431590896 s 3.0997992305717093
35 47 1.18347304184836 s 3.0997992305717093
35 48 1.311595677117445 s 3.0997992305717093
35 50 1.3179982530635503 s 3.0997992305717093
35 51 1.048301978404651 s 3.0997992305717093
35 52 1.4586610312841468 s 3.0997992305717093
35 53 1.5203362984269562 s 3.0997992305717093
35 54 1.2645824226437226 s 3.0997992305717093
35 55 1.436339909242643 s 3.0997992305717093
36 37 0.44544594110867247 s 3.0997992305717093
36 38 0.6709176482508958 s 3.0997992305717093
36 39 0.9495831081647749 s 3.0997992305717093
36 40 1.261131563024997 s 3.0997992305717093
36 41 1.5078446759620316 s 3.0997992305717093
36 47 1.2837393028747985 s 3.0997992305717093
36 48 1.3754193702124946 s 3.0997992305717093
36 50 1.2175864562990912 s 3.0997992305717093
36 51 0.9123530273755245 s 3.0997992305717093
36 52 1.2646637715019866 s 3.0997992305717093
36 53 1.2354230817584628 s 3.0997992305717093
36 54 0.9127154878580227 s 3.0997992305717093
36 55 1.1405251966383676 s 3.0997992305717093
37 38 0.4477753251708272 s 3.0997992305717093
37 39 0.647882773585929 s 3.0997992305717093
37 40 1.056828194115537 s 3.0997992305717093
37 41 1.3595839275897705 s 3.0997992305717093
37 47 1.3146810535385611 s 3.0997992305717093
37 48 1.5205748057257418 s 3.0997992305717093
37 50 1.2038026324466151 s 3.0997992305717093
37 51 1.0455090037996193 s 3.0997992305717093
37 52 1.4060573738899789 s 3.0997992305717093
37 53 1.2524325602037458 s 3.0997992305717093
37 54 1.0158154462638986 s 3.0997992305717093
37 55 1.3708434172530182 s 3.0997992305717093
38 39 0.44904512865700824 s 3.0997992305717093
38 40 0.7671093782864389 s 3.0997992305717093
38 41 1.1529568581632803 s 3.0997992305717093
38 47 1.2841920288744983 s 3.0997992305717093
38 50 1.3575649589111598 s 3.0997992305717093
38 51 1.2517848771356188 s 3.0997992305717093
38 54 1.3969628978881434 s 3.0997992305717093
39 40 0.446631607969432 s 3.0997992305717093
39 41 0.8025348619686137 s 3.0997992305717093
39 42 1.229271726465116 s 3.0997992305717093
39 43 1.413984649695722 s 3.0997992305717093
39 44 1.4552840667010367 s 3.0997992305717093
39 46 1.3691920100509356 s 3.0997992305717093
39 47 1.070296337728015 s 3.0997992305717093
39 48 1.4354214750806316 s 3.0997992305717093
39 50 1.1384431104021848 s 3.0997992305717093
39 51 1.1863637331269887 s 3.0997992305717093
39 53 1.472780370923077 s 3.0997992305717093
39 54 1.4157879975444227 s 3.0997992305717093
40 41 0.4475365312462556 s 3.0997992305717093
40 42 0.824108851881087 s 3.0997992305717093
40 43 1.0611076709808311 s 3.0997992305717093
40 44 1.1737152375505742 s 3.0997992305717093
40 45 1.445423377332396 s 3.0997992305717093
40 46 1.1946941304084684 s 3.0997992305717093
40 47 0.9535597868441198 s 3.0997992305717093
40 48 1.3761958435029495 s 3.0997992305717093
40 50 1.215124299771907 s 3.0997992305717093
40 51 1.3337490571573336 s 3.0997992305717093
41 42 0.444015818708267 s 3.0997992305717093
41 43 0.6500070620729379 s 3.0997992305717093
41 44 0.8564701719850678 s 3.0997992305717093
41 45 1.083828996994558 s 3.0997992305717093
41 46 0.8259770626931542 s 3.0997992305717093
41 47 0.720890720867937 s 3.0997992305717093
41 48 1.1648998367534107 s 3.0997992305717093
41 49 1.2892615306679018 s 3.0997992305717093
41 50 1.0695869433401322 s 3.0997992305717093
41 51 1.2936473993055504 s 3.0997992305717093
42 43 0.44313312816924805 s 3.0997992305717093
42 44 0.830185735070622 s 3.0997992305717093
42 45 1.0665581003124507 s 3.0997992305717093
42 46 0.9066262938910371 s 3.0997992305717093
42 47 0.9654269728379219 s 3.0997992305717093
42 48 1.3603373692435543 s 3.0997992305717093
42 49 1.4934538442070955 s 3.0997992305717093
42 50 1.3806076554009545 s 3.0997992305717093
43 44 0.4477834403798778 s 3.0997992305717093
43 45 0.655162692269484 s 3.0997992305717093
43 46 0.6409437130939003 s 3.0997992305717093
43 47 0.7601527592412878 s 3.0997992305717093
43 48 1.0559947929856146 s 3.0997992305717093
43 49 1.2305722257771328 s 3.0997992305717093
43 50 1.244445218672551 s 3.0997992305717093
43 51 1.4800577713912721 s 3.0997992305717093
44 45 0.4465800956574898 s 3.0997992305717093
44 46 0.6437762008497852 s 3.0997992305717093
44 47 0.5975413487157708 s 3.0997992305717093
44 48 0.7481122380011844 s 3.0997992305717093
44 49 1.052297812212162 s 3.0997992305717093
44 50 1.141992890080237 s 3.0997992305717093
44 51 1.2607058938048699 s 3.0997992305717093
45 46 0.4450298653114382 s 3.0997992305717093
45 47 0.6292818578980793 s 3.0997992305717093
45 48 0.6067695118077366 s 3.0997992305717093
45 49 0.7740477705101612 s 3.0997992305717093
45 50 1.0098164626183075 s 3.0997992305717093
45 51 1.1946738961649885 s 3.0997992305717093
45 52 1.3472628725950142 s 3.0997992305717093
45 70 1.4788566652037158 s 3.0997992305717093
45 71 1.3001380337159385 s 3.0997992305717093
45 72 1.5126196247025916 s 3.0997992305717093
46 47 0.4476898570385089 s 3.0997992305717093
46 48 0.6410915841687189 s 3.0997992305717093
46 49 0.6276197664171345 s 3.0997992305717093
46 50 0.7056941326783979 s 3.0997992305717093
46 51 1.0222438818649684 s 3.0997992305717093
46 52 1.202082552365949 s 3.0997992305717093
46 53 1.3419001882217623 s 3.0997992305717093
46 70 1.3719041722896637 s 3.0997992305717093
46 71 1.221104048123331 s 3.0997992305717093
46 72 1.5113918377435902 s 3.0997992305717093
46 73 1.5091247784637052 s 3.0997992305717093
47 48 0.44768465268297625 s 3.0997992305717093
47 49 0.6419737621248729 s 3.0997992305717093
47 50 0.5663133176536665 s 3.0997992305717093
47 51 0.720316127255358 s 3.0997992305717093
47 52 1.0355578544303259 s 3.0997992305717093
47 53 1.191964937056972 s 3.0997992305717093
47 54 1.3217386147778845 s 3.0997992305717093
47 55 1.4806094042264224 s 3.0997992305717093
47 70 1.4443300990302863 s 3.0997992305717093
47 71 1.425342489134124 s 3.0997992305717093
48 49 0.44423779405688424 s 3.0997992305717093
48 50 0.6392867757921795 s 3.0997992305717093
48 51 0.6367301467250689 s 3.0997992305717093
48 52 0.8112952243697109 s 3.0997992305717093
48 53 1.1213501254714904 s 3.0997992305717093
48 54 1.2507446369495967 s 3.0997992305717093
48 55 1.2716008910045993 s 3.0997992305717093
48 56 1.4131929422228113 s 3.0997992305717093
48 57 1.2498204472833345 s 3.0997992305717093
48 58 1.3992135517833069 s 3.0997992305717093
48 59 1.4503889124600018 s 3.0997992305717093
48 70 1.1751184236069052 s 3.0997992305717093
48 71 1.1907717885454556 s 3.0997992305717093
48 72 1.5229926582086812 s 3.0997992305717093
49 50 0.448884901944842 s 3.0997992305717093
49 51 0.6409149515480868 s 3.0997992305717093
49 52 0.6241520648642461 s 3.0997992305717093
49 53 0.8674468997457061 s 3.0997992305717093
49 54 1.1436459319079315 s 3.0997992305717093
49 55 1.198382275376699 s 3.0997992305717093
49 56 1.206820211041417 s 3.0997992305717093
49 57 1.082798118958068 s 3.0997992305717093
49 58 1.1322450678406413 s 3.0997992305717093
49 59 1.249250042491755 s 3.0997992305717093
49 60 1.39931127208774 s 3.0997992305717093
49 69 1.244090606331583 s 3.0997992305717093
49 70 0.8079648049020226 s 3.0997992305717093
49 71 0.8134617577335751 s 3.0997992305717093
49 72 1.1991574536511385 s 3.0997992305717093
49 73 1.3232900573392303 s 3.0997992305717093
49 74 1.3348498246212128 s 3.0997992305717093
50 51 0.4461908497531152 s 3.0997992305717093
50 52 0.6306698508948018 s 3.0997992305717093
50 53 0.6576729225938654 s 3.0997992305717093
50 54 0.9001836151745705 s 3.0997992305717093
50 55 1.1168301048687366 s 3.0997992305717093
50 56 1.1937822790428878 s 3.0997992305717093
50 57 1.2285161230373256 s 3.0997992305717093
50 58 1.3622559332545914 s 3.0997992305717093
50 69 1.4695578109986547 s 3.0997992305717093
50 70 1.056944944551074 s 3.0997992305717093
50 71 1.1443781300596867 s 3.0997992305717093
51 52 0.44813300345876905 s 3.0997992305717093
51 53 0.6100613677750484 s 3.0997992305717093
51 54 0.6287412486680076 s 3.0997992305717093
51 55 0.7698144652803066 s 3.0997992305717093
51 56 0.9854629373188728 s 3.0997992305717093
51 57 1.018702617145338 s 3.0997992305717093
51 58 1.2886918327389898 s 3.0997992305717093
51 59 1.5230397586705622 s 3.0997992305717093
51 70 1.133651852192251 s 3.0997992305717093
51 71 1.3402836896352974 s 3.0997992305717093
52 53 0.44774522116896615 s 3.0997992305717093
52 54 0.6191048113924447 s 3.0997992305717093
52 55 0.5878786472136347 s 3.0997992305717093
52 56 0.6171826758674199 s 3.0997992305717093
52 57 0.6119396687687336 s 3.0997992305717093
52 58 0.8502022060640672 s 3.0997992305717093
52 59 1.1356106532649626 s 3.0997992305717093
52 60 1.3931794765707946 s 3.0997992305717093
52 68 1.4390092061935418 s 3.0997992305717093
52 69 1.1405567642987473 s 3.0997992305717093
52 70 0.7459122660806736 s 3.0997992305717093
52 71 1.051526065511429 s 3.0997992305717093
52 72 1.4709340968045566 s 3.0997992305717093
52 74 1.5138435338670397 s 3.0997992305717093
53 54 0.44822390998834943 s 3.0997992305717093
53 55 0.6856799969481614 s 3.0997992305717093
53 56 0.6505068000867152 s 3.0997992305717093
53 57 0.8915424332242514 s 3.0997992305717093
53 58 1.0763256684575668 s 3.0997992305717093
53 59 1.450684388914237 s 3.0997992305717093
53 69 1.2327428693812608 s 3.0997992305717093
53 70 0.920991838014585 s 3.0997992305717093
53 71 1.2269489556946989 s 3.0997992305717093
54 55 0.4501415767202586 s 3.0997992305717093
54 56 0.6772198560731238 s 3.0997992305717093
54 57 0.969083226980255 s 3.0997992305717093
54 58 1.2960329423831758 s 3.0997992305717093
54 70 1.2684577739851568 s 3.0997992305717093
55 56 0.4454795817423501 s 3.0997992305717093
55 57 0.6399122749120585 s 3.0997992305717093
55 58 1.0502265654393947 s 3.0997992305717093
55 59 1.38020750786383 s 3.0997992305717093
55 69 1.457909929015143 s 3.0997992305717093
55 70 1.1734928420461594 s 3.0997992305717093
56 57 0.44508098473232505 s 3.0997992305717093
56 58 0.7276765099375622 s 3.0997992305717093
56 59 1.138199759200894 s 3.0997992305717093
56 60 1.4007155585933542 s 3.0997992305717093
56 68 1.2064067659452227 s 3.0997992305717093
56 69 1.0818645036716297 s 3.0997992305717093
56 70 0.8944348035614922 s 3.0997992305717093
56 71 1.328986489203569 s 3.0997992305717093
57 58 0.4475369333336892 s 3.0997992305717093
57 59 0.7498911025816033 s 3.0997992305717093
57 60 1.0946671741604774 s 3.0997992305717093
57 61 1.3450074075809666 s 3.0997992305717093
57 67 1.4979451012076173 s 3.0997992305717093
57 68 1.0714677530677972 s 3.0997992305717093
57 69 0.9530979222801241 s 3.0997992305717093
57 70 0.7272828910480776 s 3.0997992305717093
57 71 1.1344725127579423 s 3.0997992305717093
57 72 1.453892023430315 s 3.0997992305717093
58 59 0.4545256099822275 s 3.0997992305717093
58 60 0.6786662967316488 s 3.0997992305717093
58 61 0.9163597214394517 s 3.0997992305717093
58 62 1.2956727081425934 s 3.0997992305717093
58 66 1.3465833859740737 s 3.0997992305717093
58 67 1.1078687831072487 s 3.0997992305717093
58 68 0.662469008254026 s 3.0997992305717093
58 69 0.5462192319709533 s 3.0997992305717093
58 70 0.4701000309080786 s 3.0997992305717093
58 71 0.8536451976269257 s 3.0997992305717093
58 72 1.10026283328511 s 3.0997992305717093
58 73 1.4108816401648017 s 3.0997992305717093
58 74 1.2190737553048148 s 3.0997992305717093
58 75 1.1744594123897394 s 3.0997992305717093
59 60 0.4480692489492876 s 3.0997992305717093
59 61 0.7719312251037295 s 3.0997992305717093
59 62 1.1956264776933907 s 3.0997992305717093
59 63 1.469315261055724 s 3.0997992305717093
59 66 1.3083510033564223 s 3.0997992305717093
59 67 1.2071278010469708 s 3.0997992305717093
59 68 0.7964918548683442 s 3.0997992305717093
59 69 0.7405654334500493 s 3.0997992305717093
59 70 0.6945466990557345 s 3.0997992305717093
59 71 0.8770330778123829 s 3.0997992305717093
59 72 0.9667538549837126 s 3.0997992305717093
59 73 1.374562972333835 s 3.0997992305717093
59 74 1.3078692109921217 s 3.0997992305717093
59 75 1.1602483211955719 s 3.0997992305717093
59 76 1.5115179042592815 s 3.0997992305717093
60 61 0.44459694618954054 s 3.0997992305717093
60 62 0.7978155667995892 s 3.0997992305717093
60 63 1.0955156560944352 s 3.0997992305717093
60 64 1.428183621832263 s 3.0997992305717093
60 65 1.3934450452711986 s 3.0997992305717093
60 66 1.0458469968482866 s 3.0997992305717093
60 67 0.9566629517310663 s 3.0997992305717093
60 68 0.6264444851445002 s 3.0997992305717093
60 69 0.5747711687357732 s 3.0997992305717093
60 70 0.7350959106321656 s 3.0997992305717093
60 71 0.7574081312808267 s 3.0997992305717093
60 72 0.6805253455487679 s 3.0997992305717093
60 73 1.071740351046909 s 3.0997992305717093
60 74 1.0079859707891554 s 3.0997992305717093
60 75 0.7587373814908371 s 3.0997992305717093
60 76 1.0966882752191167 s 3.0997992305717093
60 77 1.3914556541785128 s 3.0997992305717093
60 78 1.2826980618449972 s 3.0997992305717093
60 79 1.2975884242188986 s 3.0997992305717093
61 62 0.4467246318365843 s 3.0997992305717093
61 63 0.7406745734652281 s 3.0997992305717093
61 64 1.0312022136646029 s 3.0997992305717093
61 65 0.9675039333630632 s 3.0997992305717093
61 66 0.6079035377094233 s 3.0997992305717093
61 67 0.6275949266749018 s 3.0997992305717093
61 68 0.49676667102483746 s 3.0997992305717093
61 69 0.728364704236483 s 3.0997992305717093
61 70 1.0612393666479414 s 3.0997992305717093
61 71 1.124515218457287 s 3.0997992305717093
61 72 0.996388996502406 s 3.0997992305717093
61 73 1.3066956883049872 s 3.0997992305717093
61 74 1.1667282623124124 s 3.0997992305717093
61 75 0.8050957319750582 s 3.0997992305717093
61 76 1.1425652692186705 s 3.0997992305717093
61 77 1.4089575017625593 s 3.0997992305717093
61 78 1.1770994559353931 s 3.0997992305717093
61 79 1.1087876548426119 s 3.0997992305717093
62 63 0.44642757045552806 s 3.0997992305717093
62 64 0.6477888766522066 s 3.0997992305717093
62 65 0.6786780750988279 s 3.0997992305717093
62 66 0.527531406435393 s 3.0997992305717093
62 67 0.606230885486671 s 3.0997992305717093
62 68 0.7444087048254577 s 3.0997992305717093
62 69 0.9497097969093464 s 3.0997992305717093
62 70 1.3438376917587573 s 3.0997992305717093
62 71 1.3211421045760843 s 3.0997992305717093
62 72 1.1077835337190503 s 3.0997992305717093
62 73 1.2953289846572327 s 3.0997992305717093
62 74 1.1456237825156277 s 3.0997992305717093
62 75 0.7193519976389832 s 3.0997992305717093
62 76 0.9539981467473895 s 3.0997992305717093
62 77 1.1853393219116874 s 3.0997992305717093
62 78 0.898796053657124 s 3.0997992305717093
62 79 0.7205340715649936 s 3.0997992305717093
62 80 1.1628484892575233 s 3.0997992305717093
62 81 1.2625227413095055 s 3.0997992305717093
62 82 1.186812088698612 s 3.0997992305717093
63 64 0.44707075126066215 s 3.0997992305717093
63 65 0.7146945351648321 s 3.0997992305717093
63 66 0.6649829764191527 s 3.0997992305717093
63 67 0.9592538542993706 s 3.0997992305717093
63 68 1.1393370622302597 s 3.0997992305717093
63 69 1.3733062593569891 s 3.0997992305717093
63 72 1.3989401169869256 s 3.0997992305717093
63 75 1.0870760280945757 s 3.0997992305717093
63 76 1.1896209901401729 s 3.0997992305717093
63 77 1.4696259920185388 s 3.0997992305717093
63 78 1.216146681217569 s 3.0997992305717093
63 79 0.8904594315216741 s 3.0997992305717093
63 80 1.2644238874068203 s 3.0997992305717093
63 81 1.4118586799158643 s 3.0997992305717093
63 82 1.2036727394349398 s 3.0997992305717093
63 83 1.4826700012543308 s 3.0997992305717093
64 65 0.44758275946567294 s 3.0997992305717093
64 66 0.6911490628213569 s 3.0997992305717093
64 67 0.967000947664142 s 3.0997992305717093
64 68 1.2941285865015595 s 3.0997992305717093
64 75 1.2679610136743005 s 3.0997992305717093
64 76 1.358894156704158 s 3.0997992305717093
64 77 1.5228399599068871 s 3.0997992305717093
64 78 1.1904174868982955 s 3.0997992305717093
64 79 0.8572343237308768 s 3.0997992305717093
64 80 1.150182752516462 s 3.0997992305717093
64 81 1.1824911533638711 s 3.0997992305717093
64 82 0.8847714402754221 s 3.0997992305717093
64 83 1.2051299904026764 s 3.0997992305717093
65 66 0.4422912785546704 s 3.0997992305717093
65 67 0.6607791805603186 s 3.0997992305717093
65 68 1.0707977408489147 s 3.0997992305717093
65 69 1.4127426168979569 s 3.0997992305717093
65 75 1.2889296331138345 s 3.0997992305717093
65 76 1.5026259186343676 s 3.0997992305717093
65 78 1.194276173875418 s 3.0997992305717093
65 79 1.0107052638561038 s 3.0997992305717093
65 80 1.3363232504318452 s 3.0997992305717093
65 81 1.2420275010338244 s 3.0997992305717093
65 82 1.0199665700322014 s 3.0997992305717093
65 83 1.427900572238791 s 3.0997992305717093
66 67 0.44890604045112414 s 3.0997992305717093
66 68 0.7419593212154851 s 3.0997992305717093
66 69 1.135085948055349 s 3.0997992305717093
66 75 1.16576265751888 s 3.0997992305717093
66 76 1.463394680312631 s 3.0997992305717093
66 78 1.2681802777815114 s 3.0997992305717093
66 79 1.1387197708271475 s 3.0997992305717093
66 81 1.5215540867206552 s 3.0997992305717093
66 82 1.3746649237023396 s 3.0997992305717093
67 68 0.4489026811091019 s 3.0997992305717093
67 69 0.815218956333772 s 3.0997992305717093
67 70 1.2488640456038498 s 3.0997992305717093
67 71 1.4067116122838081 s 3.0997992305717093
67 72 1.382149205294954 s 3.0997992305717093
67 74 1.2419929358979522 s 3.0997992305717093
67 75 0.9608300888526611 s 3.0997992305717093
67 76 1.3344169552632543 s 3.0997992305717093
67 77 1.415239318384289 s 3.0997992305717093
67 78 1.038582080615153 s 3.0997992305717093
67 79 1.0755798973357535 s 3.0997992305717093
67 80 1.4773679576793977 s 3.0997992305717093
67 81 1.4000713256897235 s 3.0997992305717093
67 82 1.3847078034303182 s 3.0997992305717093
68 69 0.4471559752763142 s 3.0997992305717093
68 70 0.8358299662710306 s 3.0997992305717093
68 71 1.0560879085290438 s 3.0997992305717093
68 72 1.1148618771406535 s 3.0997992305717093
68 73 1.3541568487271824 s 3.0997992305717093
68 74 1.0738498289539615 s 3.0997992305717093
68 75 0.8610049742896003 s 3.0997992305717093
68 76 1.2949646262057621 s 3.0997992305717093
68 77 1.4267433886995822 s 3.0997992305717093
68 78 1.153588853375384 s 3.0997992305717093
68 79 1.2563254013464316 s 3.0997992305717093
69 70 0.44695601701505777 s 3.0997992305717093
69 71 0.6422504030797077 s 3.0997992305717093
69 72 0.8092533810272263 s 3.0997992305717093
69 73 1.0115669117192938 s 3.0997992305717093
69 74 0.7309060109950114 s 3.0997992305717093
69 75 0.6780196178334554 s 3.0997992305717093
69 76 1.1145070020894574 s 3.0997992305717093
69 77 1.22262426317616 s 3.0997992305717093
69 78 1.073523460260379 s 3.0997992305717093
69 79 1.2758520965371416 s 3.0997992305717093
70 71 0.4454186133205422 s 3.0997992305717093
70 72 0.8117999737653476 s 3.0997992305717093
70 73 1.0350106594530661 s 3.0997992305717093
70 74 0.8609846995778664 s 3.0997992305717093
70 75 0.9609098888204437 s 3.0997992305717093
70 76 1.3302712651536337 s 3.0997992305717093
70 77 1.4492288549471686 s 3.0997992305717093
70 78 1.413828240570133 s 3.0997992305717093
71 72 0.4430851775079554 s 3.0997992305717093
71 73 0.6359450777075285 s 3.0997992305717093
71 74 0.6296022678817044 s 3.0997992305717093
71 75 0.7765599084151703 s 3.0997992305717093
71 76 1.0288600786023419 s 3.0997992305717093
71 77 1.1909783167591428 s 3.0997992305717093
71 78 1.2788061972450764 s 3.0997992305717093
71 79 1.4793743101429822 s 3.0997992305717093
72 73 0.4495565875568012 s 3.0997992305717093
72 74 0.6389730603306675 s 3.0997992305717093
72 75 0.5862698806506402 s 3.0997992305717093
72 76 0.7098940636753286 s 3.0997992305717093
72 77 1.0106850093025874 s 3.0997992305717093
72 78 1.1346240303390571 s 3.0997992305717093
72 79 1.2181695792954805 s 3.0997992305717093
73 74 0.4455779020650399 s 3.0997992305717093
73 75 0.6117134574196107 s 3.0997992305717093
73 76 0.5531036789418379 s 3.0997992305717093
73 77 0.7028121771518422 s 3.0997992305717093
73 78 0.9761927344396341 s 3.0997992305717093
73 79 1.1455728545198667 s 3.0997992305717093
73 80 1.3467267234084586 s 3.0997992305717093
74 75 0.4455740581151342 s 3.0997992305717093
74 76 0.6397424024459272 s 3.0997992305717093
74 77 0.607157747576052 s 3.0997992305717093
74 78 0.7180813716184824 s 3.0997992305717093
74 79 1.0206556498534178 s 3.0997992305717093
74 80 1.260199013939007 s 3.0997992305717093
74 81 1.388119809583826 s 3.0997992305717093
75 76 0.44782990064133066 s 3.0997992305717093
75 77 0.637697552989336 s 3.0997992305717093
75 78 0.5783561208957251 s 3.0997992305717093
75 79 0.705158525364735 s 3.0997992305717093
75 80 1.0582443840698381 s 3.0997992305717093
75 81 1.2260828572655296 s 3.0997992305717093
75 82 1.39015798142641 s 3.0997992305717093
76 77 0.4470827051057213 s 3.0997992305717093
76 78 0.6323184837417792 s 3.0997992305717093
76 79 0.634041823021116 s 3.0997992305717093
76 80 0.8438035354720269 s 3.0997992305717093
76 81 1.150003701249832 s 3.0997992305717093
76 82 1.328937548256515 s 3.0997992305717093
76 83 1.4771336949588538 s 3.0997992305717093
77 78 0.44673263575358596 s 3.0997992305717093
77 79 0.6838784897045608 s 3.0997992305717093
77 80 0.7307531327550871 s 3.0997992305717093
77 81 0.9317489909187167 s 3.0997992305717093
77 82 1.246036876146674 s 3.0997992305717093
77 83 1.3842392189174686 s 3.0997992305717093
78 79 0.44595188472579733 s 3.0997992305717093
78 80 0.6443477912308817 s 3.0997992305717093
78 81 0.6829816074173122 s 3.0997992305717093
78 82 0.9534943520355951 s 3.0997992305717093
78 83 1.2171613615127803 s 3.0997992305717093
79 80 0.4487896659579834 s 3.0997992305717093
79 81 0.6522597729933681 s 3.0997992305717093
79 82 0.7167806325285866 s 3.0997992305717093
79 83 0.9574206860326606 s 3.0997992305717093
79 84 1.3652317025162912 s 3.0997992305717093
80 81 0.44615440653791455 s 3.0997992305717093
80 82 0.6143139493980507 s 3.0997992305717093
80 83 0.659949772882915 s 3.0997992305717093
80 84 1.0170958964933317 s 3.0997992305717093
81 82 0.44861717760129677 s 3.0997992305717093
81 83 0.6442596866906019 s 3.0997992305717093
81 84 0.8953721844209542 s 3.0997992305717093
82 83 0.4435992809301985 s 3.0997992305717093
82 84 0.7876281952848913 s 3.0997992305717093
83 84 0.4467409227905991 s 3.0997992305717093