t = 1000
b = 10 10 10
E = -0.16165653972676 -0.16165653972676 0
-1.91850385656295 0.167619084222851 1.5071381774455 0.226524833013419 -0.123013341389896 -0.966206094924026 0 -0.991992543161074 0.126296364729204 0 0 0 0 0 0
-2.00873352051493 -0.32829968100074 1.93627862122815 0.215840783507816 -0.0785612613207852 -0.973263008849314 0 -0.996758022433548 0.0804577660529528 0 0 0 0 0 0
-1.69225575623455 -0.554670237616483 1.70009524311403 0.161626844046707 -0.0661545477836621 -0.984632083110763 0 -0.997750576921776 0.0670359409868253 0 0 0 0 0 0
-1.51190006527379 -0.474852678307533 2.03461610217082 0.125467756921924 -0.0842158103412282 -0.98851683812748 0 -0.996390639994238 0.0848866118684246 0 0 0 0 0 0
-0.998263602664329 -0.611527360635799 2.09171067786584 0.0742504702801292 -0.0757374430964766 -0.994359445762139 0 -0.997111824087919 0.0759470836824007 0 0 0 0 0 0
-1.06088399496595 -1.09646200758575 2.32567281516838 0.0578556539102896 -0.0433486844506939 -0.997383384094104 0 -0.999056873624158 0.0434214183369073 0 0 0 0 0 0
-0.496780844738342 -0.870504842982529 2.39411515105103 0.0137487004186613 -0.0642583706445101 -0.997838581654824 0 -0.997932919214159 0.064264445753215 0 0 0 0 0 0
-0.67465572418285 -0.748910035833182 2.76435917971273 0.0204159241662619 -0.0900869930112276 -0.99572462243867 0 -0.995932212002122 0.0901057744284291 0 0 0 0 0 0
-0.325976117273275 -0.363838091383794 2.73904720561063 -0.00627732030895881 -0.134252599258622 -0.990927260116525 0 -0.990946810642328 0.134255247998859 0 0 0 0 0 0
-0.571951801056506 -0.256647284550036 2.36802037007974 0.0135098866907961 -0.138147501347926 -0.990319519565744 0 -0.990409899135011 0.138160109108776 0 0 0 0 0 0
-0.870797050547533 -0.0456825012786215 2.54849658915519 0.0638743930301483 -0.156758981280948 -0.98556921811854 0 -0.987585923018961 0.157079746783687 0 0 0 0 0 0
-1.0873852577981 0.113356705298928 2.00915971531595 0.0761367622349963 -0.152399643069569 -0.985381927086467 0 -0.988250449515367 0.152843290128932 0 0 0 0 0 0
-1.37237425946742 -0.0364327106806925 1.82760210429895 0.122458689562897 -0.138966441382714 -0.982696391323364 0 -0.990148643803775 0.140020289770306 0 0 0 0 0 0
-1.57992999383858 -0.058834372202357 1.36991294511785 0.158095113246093 -0.118761474563168 -0.980255909100928 0 -0.992740718842305 0.120274053473186 0 0 0 0 0 0
-1.93201241545657 0.0185244992279827 1.16314613219378 0.203303832048773 -0.10223578797943 -0.973763521359529 0 -0.994533635739069 0.10441644987879 0 0 0 0 0 0
-1.77283969357531 -0.365450616912447 0.911443422616949 0.195340963180406 -0.0459309252147394 -0.979659256176692 0 -0.998902756603311 0.0468331488944444 0 0 0 0 0 0
-1.75080447682461 -0.880813243722418 1.23394667664569 0.153201783418054 -0.0123093862640967 -0.988118258391843 0 -0.999922399843162 0.0124564351981755 0 0 0 0 0 0
-1.56221152315098 -0.810007533120491 0.687609410021778 0.115056242968486 0.00601121487439983 -0.993340790589871 0 -0.999981699366393 -0.00605140242130732 0 0 0 0 0 0
-1.32111676815063 -0.452716361308832 0.752126270776453 0.0929144900693583 -0.0532721611598575 -0.994247944116813 0 -0.998567614507329 0.0535036106474452 0 0 0 0 0 0
-1.10582239921767 -0.52979684493245 1.24092535895341 0.0798322486117056 -0.0466473283688455 -0.995716244136676 0 -0.998904397270105 0.0467966870109095 0 0 0 0 0 0
-1.01046853988507 -0.933425443986014 0.992385492725571 0.0462519815435211 -0.000223492067213747 -0.998929779441275 0 -0.999999980817688 0.000223731504982919 0 0 0 0 0 0
-0.707294575915841 -0.668024955019009 0.746254414992397 0.0100333935345283 -0.0227298000339185 -0.999691295953206 0 -0.999741648865947 0.0227309448989807 0 0 0 0 0 0
-0.577838305513145 -0.484969068479897 1.25970406773926 0.00650581474865571 -0.0742329781125747 -0.99721970464637 0 -0.997240805911688 0.0742345488895651 0 0 0 0 0 0
-0.600541018696199 -0.853080045230065 1.42207844643629 -0.00976361485131623 -0.0414355188917262 -0.999093473904824 0 -0.999141116665895 0.0414374947854518 0 0 0 0 0 0
-0.296704714274658 -0.841241467571331 1.21064279380693 -0.0642036823807928 -0.0343606046694508 -0.997345093744134 0 -0.999407085212482 0.0344316445473427 0 0 0 0 0 0
0.057114945357674 -0.628837025552267 1.45010759792241 -0.0842318191473848 -0.0812563694704583 -0.993127586498131 0 -0.996669558484755 0.0815461688762063 0 0 0 0 0 0
0.0666340994236281 -0.974533894210426 1.79288942533128 -0.0813455302634267 -0.0577737397920318 -0.995010100298788 0 -0.998318546179654 0.0579658396424552 0 0 0 0 0 0
-0.217867964220445 -1.42748365058561 1.4495201255585 -0.101680096408089 -0.0114026030433265 -0.994751797504422 0 -0.999934319372575 0.0114620090577456 0 0 0 0 0 0
0.251073650753197 -1.24320426452213 1.4850348849684 -0.00798996358531665 -0.0320082783629959 -0.999455667149945 0 -0.999487598869308 0.0320093009990122 0 0 0 0 0 0
0.141165143620302 -1.32446565359637 1.03620319909409 -0.144421191795538 0.00523656321502551 -0.989502449600834 0 -0.999985984825812 -0.00529204331509467 0 0 0 0 0 0
0.535588907489352 -1.25020991471257 0.824678517380655 -0.168823306413754 0.0117123329883817 -0.98557674103415 0 -0.999929420489138 -0.0118828964301244 0 0 0 0 0 0
0.223580305511197 -1.38878633257397 0.314445825292962 -0.173036730776831 0.0615776460766639 -0.982988546884308 0 -0.998043660528868 -0.0625207480716842 0 0 0 0 0 0
0.65355928357149 -1.43136526433201 0.178463530708198 -0.210311515487616 0.0330132657414765 -0.977076860200048 0 -0.999429674616072 -0.0337685178945518 0 0 0 0 0 0
1.12200248401804 -1.2078837439921 0.116144400133171 -0.260928512180179 0.0242777209852585 -0.965052798449494 0 -0.999683703256987 -0.0251489266288607 0 0 0 0 0 0
1.32429519969535 -0.901362664498418 -0.104696866844148 -0.313193821576727 0.00262225718651013 -0.949685607921597 0 -0.999996207665014 -0.00276117403502754 0 0 0 0 0 0
1.57150621919244 -1.46461558143618 -0.240573162438561 -0.369655396661529 0.0360758185573118 -0.928468320964387 0 -0.999246036929871 -0.0388259005810255 0 0 0 0 0 0
1.61696669584861 -1.34915325015278 -0.650058782703086 -0.416269998936747 -0.00400337893741793 -0.909232237078231 0 -0.999990339633779 0.00440298979738751 0 0 0 0 0 0
1.95456533365627 -0.98591473590016 -0.421733520786367 -0.413499947255217 -0.0377466898207148 -0.90972137549225 0 -0.999140271014998 0.0414569107788425 0 0 0 0 0 0
1.67851395512258 -1.1057368203027 0.0544182307002596 -0.365326095742673 -0.00226690244735046 -0.930876847344862 0 -0.999997050584558 0.00243522627915738 0 0 0 0 0 0
1.45423822015654 -0.789473421586841 0.339917336642881 -0.328912273168345 -0.0283399020752358 -0.943935149525431 0 -0.999549594576814 0.0300096226355065 0 0 0 0 0 0
1.0248376422831 -1.01232301431845 0.533279038677924 -0.25930611154369 -0.0292146269596614 -0.965353223482316 0 -0.999542350745206 0.0302492975597747 0 0 0 0 0 0
0.750597828635772 -0.685528883128621 0.359121230078086 -0.19524891886111 -0.047090422458762 -0.979622555781676 0 -0.998846638047707 0.0480145234300458 0 0 0 0 0 0
0.180186085949581 -0.903160790999852 0.480879813815169 -0.140013644771865 -0.0412646819749706 -0.98928934356901 0 -0.999131228191862 0.041675201143742 0 0 0 0 0 0
0.0514327251006428 -0.767471435347019 0.148506656490882 -0.119064950254811 -0.0377826206347566 -0.992167330241623 0 -0.999275694211285 0.0380533135017896 0 0 0 0 0 0
0.0329210020513335 -0.9445982733695 -0.246353412151187 -0.129766686257729 -0.0266333218567012 -0.991186800408765 0 -0.999639205026183 0.0268604390989263 0 0 0 0 0 0
0.209463659122632 -0.634208800007341 -0.502655086533891 -0.111396431673114 -0.087108771781574 -0.989950956810085 0 -0.996150917447168 0.0876543250258788 0 0 0 0 0 0
0.384362341925187 -0.361707508145802 -0.25108604875969 -0.160299526818604 -0.125343808678742 -0.979077622728473 0 -0.991904520658619 0.126985938171618 0 0 0 0 0 0
0.592877853132016 -0.734720641448256 -0.333994977012618 -0.205817973058694 -0.0918804649615264 -0.974267387386268 0 -0.995582500469155 0.0938906343730441 0 0 0 0 0 0
0.557187578822399 -0.66105672072961 -0.840119624854622 -0.212564456845598 -0.0952422394114796 -0.972494353463208 0 -0.995238496270731 0.0974697105394804 0 0 0 0 0 0
0.643854615019224 -0.175979115390236 -0.740746694267237 -0.220403030458985 -0.171964509483933 -0.960130570100987 0 -0.984336475276483 0.176299916291864 0 0 0 0 0 0
0.883913752755621 -0.230822806183323 -0.456527682926386 -0.25945092339513 -0.167596828137534 -0.951102792314087 0 -0.984826912502407 0.17353946191063 0 0 0 0 0 0
1.14404773173753 -0.477341269636399 -0.762226984288426 -0.319347754906102 -0.130582590651517 -0.938597463482174 0 -0.990460388125116 0.137798032118314 0 0 0 0 0 0
1.07287028508713 -0.312105940441366 -1.25716410212837 -0.344092408926648 -0.185672848976312 -0.920394484594555 0 -0.9802528230665 0.197748180179509 0 0 0 0 0 0
1.46194634712096 -0.198529372167833 -0.890299081692773 -0.362849154478626 -0.22080125917519 -0.905310606941505 0 -0.971521892947596 0.236949899442583 0 0 0 0 0 0
1.43481691809399 -0.575280898859344 -1.24909801663666 -0.422155527882161 -0.172277118607495 -0.890002980153905 0 -0.981776062004442 0.19004155587287 0 0 0 0 0 0
1.71495085290364 -0.30175674415803 -1.25801480044576 -0.434416346998789 -0.169453723696061 -0.88462866389563 0 -0.982143543404053 0.188133040931507 0 0 0 0 0 0
1.52353786332334 0.041562592518936 -1.30459621639446 -0.214483517521912 -0.269105006067558 -0.938924553103607 0 -0.961296218542317 0.27551694528432 0 0 0 0 0 0
1.2247476938187 -0.00429734715500807 -1.57356176482845 -0.365984487247294 -0.256455883647589 -0.894586907369468 0 -0.961279551828104 0.27557501106443 0 0 0 0 0 0
0.955510900082933 0.34617464035848 -1.66873470083729 -0.276295670852798 -0.308345954867241 -0.910265606504503 0 -0.947135031813019 0.320835208631115 0 0 0 0 0 0
0.495084246625058 0.267708646303193 -1.81578733281718 -0.213590750074317 -0.33117961415851 -0.919075108273808 0 -0.940785399078237 0.339002702464518 0 0 0 0 0 0
0.398612866458575 0.659018775664725 -1.68458321091762 -0.169890211799918 -0.412617323897607 -0.894921370822128 0 -0.908122729891066 0.418704014447675 0 0 0 0 0 0
0.322516819466552 1.09190777956868 -1.97377220349119 -0.167482223088937 -0.479396084879783 -0.861469151363601 0 -0.87381168009506 0.486264537385612 0 0 0 0 0 0
0.337229425471907 1.51216054093696 -1.82770412840827 -0.128621328161523 -0.540935249754335 -0.831171227554937 0 -0.838132931731689 0.545466002339029 0 0 0 0 0 0
-0.321651128529445 1.47478281271078 -2.08676231056142 -0.0811830534829898 -0.609481668406718 -0.788632618969911 0 -0.791244347248425 0.611500099385001 0 0 0 0 0 0
-0.0881858578869949 1.97408055008831 -2.24690171657475 -0.104529786941689 -0.657863371952035 -0.74584804584166 0 -0.749956504739166 0.661487172589321 0 0 0 0 0 0
0.262257553341492 1.92825680063889 -2.26399205738377 -0.188325032492802 -0.65580733574451 -0.731061160587999 0 -0.744380551430854 0.667755657845723 0 0 0 0 0 0
0.492248146213886 1.48997476562515 -2.32246216373122 0.0171067980948021 -0.604646531344238 -0.796310196840606 0 -0.796426737489575 0.604735021858914 0 0 0 0 0 0
0.745550319817641 1.42556480783485 -2.08966531851932 -0.251153695057612 -0.544305070547612 -0.800408527962482 0 -0.826913380239774 0.562329273169953 0 0 0 0 0 0
0.899578133857313 0.93220122293398 -1.81706463345284 -0.25377603422532 -0.46273521738103 -0.849396163782366 0 -0.878143977830151 0.478396491295188 0 0 0 0 0 0
0.853799876742063 0.949957231308467 -1.4270342309809 -0.242378313773198 -0.380630035300794 -0.892397629557238 0 -0.91982513855297 0.392328557765985 0 0 0 0 0 0
0.764631094104674 0.411527559295576 -1.19856587873071 -0.233515625737724 -0.315282395000412 -0.919819256125422 0 -0.945972519422283 0.324246833866417 0 0 0 0 0 0
0.390737822904614 0.525977184077693 -1.01957089732863 -0.153916572477237 -0.32303574456837 -0.933786697510742 0 -0.945048041735177 0.326931512976807 0 0 0 0 0 0
0.0880537669981188 0.655724031831685 -1.16511357807267 -0.0898794252850545 -0.367319673895474 -0.925741835545823 0 -0.929503848254489 0.36881238085575 0 0 0 0 0 0
0.0671600284034633 1.00166245671567 -0.709397611050909 -0.0684516412480986 -0.388491227245241 -0.918906382154313 0 -0.921066801425884 0.389404599870001 0 0 0 0 0 0
0.396463230318495 1.14631278078022 -0.854296684388455 -0.133636440388869 -0.420878519097585 -0.897219356658346 0 -0.90533984345439 0.424687775364414 0 0 0 0 0 0
0.28243351732191 1.28336541169498 -1.20497233941563 -0.134460662974525 -0.459944905236192 -0.877707818274237 0 -0.885751384752969 0.464159972420047 0 0 0 0 0 0
-0.101985032287872 1.44433698462739 -0.992409274167347 -0.0611333030380986 -0.477253955261303 -0.876636402077335 0 -0.878279129875289 0.478148280818779 0 0 0 0 0 0
0.152943542118044 1.70320993804785 -0.770479096602856 -0.0723317457230637 -0.493277792875896 -0.866859352845742 0 -0.869135955154804 0.494573271039204 0 0 0 0 0 0
0.329693766845819 1.75743660034067 -1.17363643735547 -0.124611837847353 -0.522840968426412 -0.843272916441194 0 -0.849897390481216 0.526948234715738 0 0 0 0 0 0
-0.0879552434598466 1.91096645072745 -1.45364090457729 -0.0841951918395548 -0.570647178138722 -0.816867778623575 0 -0.81977857320262 0.572680599894531 0 0 0 0 0 0
-0.402594301866193 2.08034899334455 -1.14658035893735 -0.0460356862888636 -0.601027102759391 -0.797901709069837 0 -0.798748532532571 0.601664980641554 0 0 0 0 0 0
-0.0296373868675752 2.36763474786175 -1.08493497889899 -0.101711466166329 -0.621912716892725 -0.776453057317315 0 -0.780500797621754 0.625154820386666 0 0 0 0 0 0
-0.21397863499597 2.50528706192717 -1.41716517824961 -0.0815213981316309 -0.6707758877984 -0.737166175292201 0 -0.739627940332127 0.673015942599548 0 0 0 0 0 0
-0.615275201990304 2.67035066804875 -1.3889534932579 -0.0354569557444689 -0.684515184443868 -0.728135816009014 0 -0.728593933577823 0.684945857438131 0 0 0 0 0 0
-0.747607041362617 3.06097238261159 -1.25997234742492 -0.0176227018234363 -0.703799498775124 -0.710180051750488 0 -0.710290338602136 0.703908794763824 0 0 0 0 0 0
-1.70849697500677 -0.983504479641858 -0.716051481951137 0.668044541508968 -0.371534807693679 0.644731244187913 0.477007168658835 0.878815098434063 0.0121730773598592 0 0 0 0 0 0
-1.66164602213891 -0.577616030854772 -0.357051619823663 0.865496094001596 -0.469365680388731 0.17496390868177 0.405576978416489 0.861621221309313 0.305149447923467 0 0 0 0 0 0
-1.42039794547479 -0.363376701469084 0.176631250970839 0.778581804936212 -0.31589196051076 -0.542238547418881 0.497178744220525 0.837741003144233 0.225839119609942 0 0 0 0 0 0
-1.07387909921233 -0.145395768268858 0.558124964080861 0.519279236672726 -0.188584706752545 -0.833537571282573 0.625116593875828 0.748884020251206 0.220004473303322 0 0 0 0 0 0
-0.602081329230932 0.0896553504609525 0.714858706715713 -0.033267994854667 -0.056088213053331 -0.997871410991836 0.719526512497289 0.691613993338732 -0.0628624055500851 0 0 0 0 0 0
-0.138866669466589 0.163013220371987 0.665844448253095 -0.405751071341397 0.4499681692939 -0.795546802348929 0.806816589977254 0.585299058546765 -0.0804487551286518 0 0 0 0 0 0
0.249283959375116 0.197995240724244 0.443261439053618 -0.583312306509086 0.772419828384778 -0.251225718812949 0.812073621887267 0.548182843788526 -0.200079990031041 0 0 0 0 0 0
0.538732577350258 0.332157990765505 0.033500080917932 -0.529068639152835 0.829544156370753 0.178725677215395 0.769684495518359 0.557800437353628 -0.310555066689868 0 0 0 0 0 0
0.765612415846899 0.695586168603224 -0.289807335304124 -0.345315573065147 0.616368024686965 0.707705880392538 0.732750727019077 0.648237149612941 -0.207038571079655 0 0 0 0 0 0
1.07857167819236 1.12632571798481 -0.330296904652505 -0.5928648767579 0.398604054843228 0.699732838567244 0.52873943937818 0.848057684373001 -0.0351108134618293 0 0 0 0 0 0
1.19389089973481 1.69852338188465 -0.270141982449479 -0.347806264649723 0.926907640027965 -0.140971731663465 0.869001000827677 0.262263178932694 -0.419589424958031 0 0 0 0 0 0
0.889708905423513 1.44638230859752 0.667404127480211 -0.113868420330857 -0.0499860612604271 -0.99223756053227 -0.696174538543681 -0.708506266963803 0.115584953850022 0 0 0 0 0 0
0.357511898024537 1.38609971558393 0.624580539315117 0.277547226255435 -0.542885519401387 -0.792617719977419 -0.825748530409957 -0.556484358218085 0.0920028455233947 0 0 0 0 0 0
-0.0601957732928451 1.34743560181038 0.358725580472544 0.539960354809259 -0.794932396321829 -0.276632067035437 -0.837201395766371 -0.54114331895027 -0.0791058233148716 0 0 0 0 0 0
-0.375237049299891 1.1203130715375 -0.000656329464923999 0.445335008380426 -0.748306819584861 0.491643808131047 -0.843209747471256 -0.535180485943762 -0.0507855218980638 0 0 0 0 0 0
-0.595325641670136 0.740404327524748 -0.302094324881292 0.361287313287836 -0.452545622823044 0.815275374656293 -0.613480291293787 -0.773810734229282 -0.157666990158469 0 0 0 0 0 0
-0.691780156152261 0.191621796102453 -0.502626417180469 0.209559717106334 -0.167786392783197 0.963292505609338 -0.515497828893763 -0.856092978794552 -0.0369702591888484 0 0 0 0 0 0
-0.558330998142532 -0.273002447522581 -0.544053495688001 -0.297874419548364 0.00231037015795146 0.954602269203493 -0.438450777374069 -0.888609368160757 -0.134663679724767 0 0 0 0 0 0
-0.47897182933918 -0.771848058663235 -0.430971492768512 -0.760789215176995 0.371364463632882 0.532248255254104 -0.491032915946405 -0.865621546025027 -0.0979081943169688 0 0 0 0 0 0
-0.653420198844895 -1.17301615476525 -0.158039052112533 -0.859796109381815 0.493531362354129 -0.131062750866787 -0.49107281355338 -0.869520203017512 -0.052745694925323 0 0 0 0 0 0
-0.979510257971397 -1.52079555950358 0.0767110285794672 -0.49873257380745 0.521989004996689 -0.691948913205278 -0.588305607950902 -0.790129319148413 -0.172023750324136 0 0 0 0 0 0
-1.38777354756807 -1.64632665708982 0.154782012747935 -0.0512775186471016 0.126219773327234 -0.990676125130013 -0.623808077539265 -0.778706968018543 -0.0669248859254624 0 0 0 0 0 0
