t = 10
b = 20 20 20
E = 0.348282852571223 -1.18151771978299 1.52980057235422
-191.216512492544 -488.083386901337 -2104.98713936518 -0.79123915405197 0.0856592366211216 0.605477577022147 -0.562779914140515 -0.489321543932408 -0.666215576884539 -0.24521434676412 0.151380442217231 0.142118238330937 0.423639413756116 0.544447042624679 -0.272213079483301
-191.565439557519 -488.508522324379 -2105.1456163023 -0.598300994698098 0.655759258211634 0.46045164242621 -0.762794792321036 -0.290201449743445 -0.5778643641675 0.0467346633883184 0.0933253485903669 -0.377137493068583 -0.600687546614045 0.116258596835339 -0.285418852138348
-192.044055800208 -488.740396962417 -2105.06204225856 -0.333969369958244 0.941147345760834 -0.052020510349584 -0.797156177905012 -0.311463039854632 -0.51723573236232 -0.231001172846759 0.164278236852725 0.262604293239276 0.104566530401696 -0.00348761815909747 -0.100507571665379
-192.619656070911 -488.82519492208 -2105.07115923756 0.118326561761847 0.826233230399659 -0.550760813570613 -0.788342786273032 -0.259076811217299 -0.558027649154365 0.107067257504685 -0.230229587266707 0.370785740904894 -0.669531103331491 0.151622985952759 0.152271286073704
-193.173086116911 -488.707284646081 -2105.2311231962 0.518016293568702 0.532939928436487 -0.669054670617773 -0.783967511542133 -0.0170484229090743 -0.620567717596354 0.128123494023787 -0.0155252154442036 -0.297373770998749 -0.305224259898766 0.217967140436067 -0.0153673401272672
-193.569741050295 -488.392864999298 -2105.39893553622 0.64281826639558 -0.0983929555717179 -0.759673286802981 -0.765523159882208 -0.04684834085413 -0.641700494501271 -0.11794475361984 -0.202813201863875 -0.203365123398958 -0.349560303766707 -0.0782076594881813 0.392416190826866
-193.859370454717 -488.198026438858 -2105.82473296472 0.526605833055393 -0.773283929262327 -0.353154727190013 -0.731267764711057 -0.200206575343478 -0.652046611434896 -0.275592224858497 -0.382603951167225 -0.0453110430390088 0.325542822023462 -0.171450154543141 0.0122176226442424
-194.017079067713 -488.186520254666 -2106.28980933008 0.20068574153713 -0.964439430131163 0.171993659045819 -0.714966118164769 -0.264212913856775 -0.647313668964061 0.169296551759492 -0.261083041124241 0.326128190017659 -0.15572500681624 0.0193279836564927 0.19194354956829
-193.638237911443 -489.266383528635 -2106.26411046545 -0.344990694746294 0.921840974833979 -0.176608713419268 0.933239770977973 0.356983183926272 0.0403303391858129 0.0351106743643251 0.638636535748387 -0.262466255383016 0.574131040978877 0.365626491731616 0.673856679398635
-193.211933493189 -488.952713624894 -2106.38228714052 -0.583067861159192 0.5998353244933 0.547931978235677 0.810646842772276 0.384975538181959 0.441186503992192 -0.000926468638897899 0.537391579163807 -0.477552038580212 -0.0445650828769204 -0.13176712444611 0.0472244477421991
-192.879200532812 -488.516736268899 -2106.32946494 -0.577187747187816 0.0352779525575863 0.815849110166579 0.806127425634173 0.18419070016758 0.56234540952354 -0.377757733513529 -0.437660354804007 -0.0680736383039526 0.0867000595237849 0.121575744756469 0.0182002814660091
-192.560987301908 -488.213240435743 -2106.15436313183 -0.475231180207037 -0.458371029979221 0.751033504069435 0.767167286068972 0.202091009948853 0.60878040284114 -0.0719136663696867 -3.02726203322046 -2.61595003201026 -0.485200303202398 -1.40693749232495 -1.2267743444874
-192.371565929781 -487.756390113234 -2105.6424767323 -0.246434832707339 -0.824385410663613 0.509567039665529 0.575357572438835 0.298657330504076 0.76142462711254 -0.136628954511897 2.98199688015592 1.31662821821484 0.595969223772782 2.47271545705992 1.03127043590603
-192.436201517732 -487.668724423127 -2105.21974869603 0.334610071835723 -0.932487421363131 0.136026868028455 0.578143221791919 0.317125568596104 0.751785733330088 1.04439566765513 0.422113761724647 1.51549477608212 -0.153705171073213 -0.297897182286372 -0.407906656036623
-192.295326496281 -487.676495720554 -2104.73876335317 0.547501978841897 -0.737434486712682 -0.395514804995982 0.71727621934393 0.170131617770026 0.675699680182425 0.362961126811795 -0.177113542333297 0.29732530041149 -0.0410515391628464 0.179921204340675 0.036193262860544
-192.157945537102 -487.860227474059 -2104.27022242724 0.746077303540526 -0.167702274491555 -0.644394758104114 0.665654780882344 0.211834597491105 0.715562587055989 -0.588338694238157 0.0536048350185307 -0.15083349791064 -0.436901453016158 0.802419506728656 -0.179573717504798
