t = 1
b = 20 20 20
E = 0.367602545958092 -0.106781648818502 0.474384194776593
-191.210212523847 -488.087755749964 -2104.99103002716 -0.800853975752046 0.0858033025971306 0.592680945185153 -0.554422903061669 -0.480349438901031 -0.679617290177447 -0.218914079308274 0.172834041769032 0.126009547639374 0.437039951090332 0.469793759858566 -0.308315684050439
-191.568419532434 -488.511454384368 -2105.13725401833 -0.600411307967858 0.659595510402677 0.452150443902201 -0.763726266577919 -0.305299740757805 -0.568783137963996 0.170123890015249 0.119234195660371 -0.246883494237383 -0.639700101281793 0.270341805926886 -0.287031611777783
-192.038663761108 -488.748466521666 -2105.07013994224 -0.332906753204471 0.941345159965514 -0.0551578052532746 -0.795623044349477 -0.311805346744323 -0.519385595720292 -0.169854007595503 0.412298249072738 0.346969029078239 0.0827846762502205 0.0624850794031378 -0.135818025825332
-192.620969554472 -488.817903599283 -2105.08067132768 0.11364578146296 0.827737126664118 -0.549486929323621 -0.799693914858605 -0.251980532077446 -0.544972892896596 -0.018466349506279 -0.302622569777932 0.310315587185764 -0.699333236731247 0.0375726336948992 0.170264211382493
-193.175191379587 -488.706828665825 -2105.22344083123 0.513353928544412 0.53236047486756 -0.673097369514103 -0.789907976874703 -0.013447251227638 -0.613077939175872 0.0387960498347545 -0.0232421085290894 -0.275949990390253 -0.298032567518252 0.242710826464033 -0.0346111529716112
-193.569259532169 -488.388266199386 -2105.39456013612 0.643752717153127 -0.0885928403046993 -0.760087986883566 -0.764709884106095 -0.0377363727199649 -0.643268807983399 0.0749099163867424 -0.128766777986017 -0.118254792326063 -0.335538968122258 0.0186350127408466 0.341374048844092
-193.853538138996 -488.186091604909 -2105.82058056187 0.529932856344967 -0.77183085270686 -0.351352106263597 -0.733102155188995 -0.208671699883248 -0.647315496280668 -0.154902188087493 -0.500456597617703 -0.225422623687904 0.333539224983122 -0.115666860786639 0.0718377238758788
-194.022433003319 -488.17900169116 -2106.30057986507 0.203200042141433 -0.964693477109427 0.167559655335775 -0.712496507149289 -0.263064204818111 -0.650496695951238 0.214969810475498 -0.30428951490214 0.450409631556036 -0.155721642967409 0.0602362213739915 0.186532427245183
-193.638856621746 -489.283507562551 -2106.25576531486 -0.334023979181508 0.922601170298072 -0.19296388754474 0.93472799758213 0.350575180907448 0.0581430397193969 0.0138114692068538 0.623258536730832 -0.364483838840117 0.633897091113063 0.350136217772411 0.597421635495952
-193.209469313289 -488.969562534669 -2106.37107823033 -0.584912559524944 0.600301607379304 0.54544961076877 0.809302853931457 0.387246879701098 0.441665874593184 -0.1796118220085 0.684428993838716 -0.364240437685653 -0.0540698401328609 -0.0509478537981651 0.0918668888550069
-192.867228484041 -488.506158525723 -2106.32977336961 -0.573682531452446 0.0374443605116814 0.818221408282737 0.80892735814959 0.182680726808121 0.55880612137841 -0.515373482989196 -0.379574139121979 0.0708044242324915 0.0234095805310871 0.212908218933518 0.0732430064804527
-192.559108444041 -488.135838581651 -2106.08704658187 -0.488271425798027 -0.49065761026828 0.721696698229238 0.744583878011527 0.197109131723412 0.637763936575719 0.21233880481543 -1.15198891668584 -0.704307757467081 -0.498276855586269 -0.563764061939825 -0.323595513210362
-192.390910167269 -487.839973965164 -2105.71035874207 -0.239459274171106 -0.797815746564742 0.553307591260765 0.598789843730811 0.327245973441434 0.730999860404364 0.676350180464781 1.45790361136818 1.00789860318646 0.597180420312288 0.638158216257404 0.364017845349312
-192.443549013188 -487.66873743227 -2105.2247170235 0.346184397839954 -0.928150292895355 0.136723796357678 0.57220884090348 0.324380786012536 0.753229147111147 0.116898873512268 -0.190073001185202 -0.0708033302535735 -0.142194025287404 0.4493396495356 -0.319360173827941
-192.303271830352 -487.670559482248 -2104.74215120326 0.552259574291369 -0.73691075597297 -0.389835735066531 0.712552093152897 0.174501578890347 0.679572449050284 0.212835676828928 -0.260421074057656 -0.0462723808703658 -0.074896128016667 0.370168818981548 0.0471657595978569
-192.141353702067 -487.861909000121 -2104.26632175931 0.760460604580665 -0.158039935806175 -0.629859545907808 0.649261324854454 0.203895113453352 0.732725402015027 -0.621085940402718 0.0878020946922972 -0.111818874240382 -0.451199133953059 0.81390554044664 -0.203548589712356
t = 2
b = 20 20 20
E = 0.346766090005952 -0.600647047212923 0.947413137218875
-191.210871726535 -488.087237457098 -2104.99064288174 -0.799852636421656 0.0856861192725587 0.594048524089854 -0.555268620313335 -0.481367952020303 -0.678204728723639 -0.215746884751623 0.167828516904758 0.1350696180547 0.434869227122645 0.482671452737907 -0.307801112641936
-191.56792615531 -488.511095788027 -2105.13801565421 -0.600015138153204 0.659244132261866 0.45318760802265 -0.7637434214312 -0.30346611083787 -0.569740560074059 0.160246305943546 0.116568158111059 -0.2597500073453 -0.634061709148074 0.254130646863122 -0.290121611169955
-192.03919013739 -488.747266281044 -2105.06911736457 -0.332969844945012 0.941348087791851 -0.0547253137763566 -0.795808152843718 -0.311672691698306 -0.519181583954017 -0.181243883290603 0.39620679346724 0.34332329130738 0.087309831821109 0.0548879398774945 -0.134076359280934
-192.621006238164 -488.8188102817 -2105.07972000861 0.114050424303071 0.827515359634552 -0.549737055586748 -0.798442518882465 -0.252922185964476 -0.546369757478922 0.000929577020790185 -0.295770670357137 0.319168644010003 -0.699532071709134 0.0506496006869879 0.16833096841844
-193.175060290795 -488.706896780978 -2105.22426470393 0.513892503691405 0.532456216542419 -0.672610490637123 -0.7892354209567 -0.0138173705024059 -0.613935282077598 0.0497590467944605 -0.0199724187934191 -0.277462872698155 -0.301569162162732 0.239736917351374 -0.0302190182040744
-193.569060392347 -488.388663907338 -2105.39492807353 0.643755419013961 -0.0896195993309233 -0.759965320199498 -0.764711510667378 -0.0387432091470864 -0.643207018927656 0.053191779093215 -0.133586520887659 -0.131542979449094 -0.336454999261076 0.00466265720513762 0.34539461317526
-193.854021128176 -488.187575749276 -2105.82123593333 0.529581050326056 -0.772029852992771 -0.35144532608005 -0.732865420670375 -0.207792643515192 -0.647866106912997 -0.172078361514539 -0.490105507594458 -0.218813822254846 0.337508734210088 -0.121712569553987 0.0637448675466586
-194.021790464945 -488.179909300637 -2106.29924429278 0.202953368735693 -0.964653540442916 0.168087706361236 -0.712774836584616 -0.263241867921226 -0.650119797656645 0.219904974954248 -0.303958543834369 0.448186561836923 -0.152339409693864 0.0546386351440056 0.182886440904255
-193.638812082715 -489.2816320447 -2106.25684269962 -0.335225839594467 0.92252075631129 -0.191256609410056 0.934602273839931 0.351244376071726 0.0560890186330066 0.0169283641591464 0.631375945561701 -0.35338815324534 0.629533714039076 0.354428252401037 0.60679078199558
-193.209979033323 -488.967523988438 -2106.37218497314 -0.584792697710704 0.600177835119435 0.545714272248386 0.809391313128651 0.38703532087029 0.441689214981201 -0.158547784150321 0.679213977013889 -0.370494088323312 -0.0508496680298633 -0.0631151905600651 0.088435705644302
-192.868753047139 -488.507302674653 -2106.32957510335 -0.574164461948961 0.0371203037298015 0.817898070474474 0.808555759064837 0.182781935778791 0.559310601040284 -0.5013480718692 -0.375130879660989 0.0674702107374196 0.0272425396709562 0.202895447591298 0.0668393668336793
-192.558767897649 -488.141068390899 -2106.09102894575 -0.487266387821606 -0.488717079125219 0.72368990864223 0.746432336175325 0.197017944764637 0.63562779749832 0.04299397502006 -2.13355517707787 -1.75663330422891 -0.494032008548072 -0.957198298600935 -0.747896274223867
-192.388618995828 -487.833828562812 -2105.70547184385 -0.239849774711069 -0.799566700362665 0.550604374521497 0.596752461678283 0.32592727500964 0.733251601352292 0.823769720902931 2.43943003673967 2.03817949629907 0.604195410798074 1.1214264917276 0.682805465661564
-192.443194924067 -487.669275933768 -2105.22493764531 0.34470403669766 -0.928759423663242 0.136327033419862 0.572991297456479 0.32321111102699 0.753137139402805 0.124465352222229 -0.16585922658273 -0.0804506407200799 -0.144857266539853 0.446531349489644 -0.321935918518893
-192.302604457734 -487.671325364958 -2104.74223463823 0.551552808267965 -0.737007962122205 -0.390651716315437 0.713240699117511 0.173853105999822 0.679016054785583 0.230911430924566 -0.248396841474738 -0.0121852599989528 -0.071020679841347 0.344255119116436 0.0498537345807691
-192.143219549403 -487.861654019562 -2104.26667226466 0.758876869387713 -0.159129345506659 -0.631493268774043 0.651103539559818 0.204813328333714 0.730832184095324 -0.617363104417272 0.0900091933375552 -0.125207687607571 -0.447949867383482 0.81549694199691 -0.201065195436785
t = 3
b = 20 20 20
E = 0.341917254236244 -1.04076407797257 1.38268133220881
-191.21152246762 -488.086734591616 -2104.99022984909 -0.798828259926309 0.0855904951717648 0.595439063447602 -0.556142489326327 -0.482376966845526 -0.67677026635545 -0.224364408938496 0.165238605702352 0.136528437533417 0.435260005894825 0.499938948023023 -0.303651938741039
-191.56746284046 -488.510745374784 -2105.13881554504 -0.599659154609156 0.658869182430713 0.454202926825131 -0.763733377386137 -0.30167437395185 -0.570704740095196 0.14279366651452 0.111936575346058 -0.272449644278223 -0.633314385566911 0.233921900296879 -0.288326236554422
-192.039749856846 -488.746115701354 -2105.0681055275 -0.333048260995986 0.941344460634362 -0.0543089521216556 -0.795992491019487 -0.311563251081069 -0.518964637346696 -0.183574942924215 0.373462514149688 0.326141620503363 0.0891491653218859 0.0467703356915406 -0.131486494384674
-192.620983503428 -488.819693075823 -2105.07874254916 0.114484216144535 0.827307071208727 -0.549960338735267 -0.797182793209023 -0.253830541169069 -0.547786135806007 0.0203488483875829 -0.291647751049389 0.332082478993482 -0.695325435739021 0.0687407755027466 0.16564480222508
-193.174896245641 -488.70695567455 -2105.22509340609 0.514427788585469 0.532540636158078 -0.672134302927186 -0.788562995310302 -0.0142012101534267 -0.614789986952799 0.0612118538872928 -0.0157103105746866 -0.280655649157107 -0.301307864277045 0.239993221075263 -0.0281779958839929
-193.568927835877 -488.389075999367 -2105.39533548524 0.643725465681711 -0.090659792040234 -0.759867308771792 -0.764740404118896 -0.0397488061785024 -0.64311130196526 0.0362350634669879 -0.153224346536808 -0.143267915229653 -0.33595189969279 -0.00751958085605349 0.350099028871184
-193.854555822043 -488.18902668826 -2105.82186887784 0.529226754362457 -0.77221763408315 -0.351566449022091 -0.732631854892121 -0.206892933058829 -0.648417982051428 -0.185226764278194 -0.475402088526761 -0.210544706476699 0.339172753357749 -0.13360109370999 0.0557293054773601
-194.021134420292 -488.180815513401 -2106.29791632425 0.20270173926616 -0.964617626443078 0.168596677469622 -0.71304977382936 -0.263402456998788 -0.649753157505911 0.215730368230039 -0.30246484051055 0.433237992890177 -0.145489431310404 0.0494994955697276 0.186002045222938
-193.63875800661 -489.279732868794 -2106.25788693922 -0.33643854509158 0.922437740993693 -0.189519707067925 0.934464957543106 0.351929307379173 0.0540463294921639 0.0140631170068753 0.630321762760788 -0.342825529659791 0.6199169670244 0.356069257107195 0.611494136856462
-193.210424538829 -488.965503291338 -2106.37331194473 -0.584642890948427 0.600075132327294 0.545987660690099 0.809501494230895 0.386808751668022 0.441685771189173 -0.136334739815591 0.666903076674687 -0.381569408211622 -0.0491074678884598 -0.0694111583965659 0.0849295079807262
-192.870233885668 -488.508434270659 -2106.32938824866 -0.574623575498843 0.0368206221709855 0.817589131693827 0.80820014333184 0.182893072985326 0.559788042184162 -0.485218187701186 -0.370541693625157 0.0550670293673913 0.0330611290139172 0.196992557557523 0.0666739547427842
-192.558838819259 -488.148652638835 -2106.09753419121 -0.486009301678072 -0.485716767582767 0.726549503042525 0.748728613193797 0.197389624803882 0.632805499189661 -0.0571003561299234 -2.73870449113143 -2.38698471599833 -0.493246117074737 -1.20136027530627 -1.00941145109518
-192.385984751392 -487.82533220469 -2105.69813054584 -0.240341746028391 -0.802073140895515 0.546730758024484 0.594414359381739 0.323673314967142 0.736143433400705 0.898018215751744 3.04081579737499 2.6691213056865 0.60509970286113 1.43323667013521 0.873146231646112
-192.442817071879 -487.669738187832 -2105.22518309551 0.343222584623571 -0.929364194273152 0.135942825508853 0.573774282660485 0.322050733951251 0.753038111465088 0.124353999156913 -0.131317890900607 -0.077338796465895 -0.146437981275794 0.44278464560183 -0.320377005829731
-192.301883817225 -487.672055402697 -2104.74221649059 0.550903974760671 -0.737085898966619 -0.391419452936956 0.713880786311676 0.173254029367171 0.678496325887667 0.257157584382927 -0.241338165640817 0.0213083392140329 -0.0649297187969337 0.322935544919438 0.0491876948251371
-192.14507232114 -487.861392151383 -2104.2670615996 0.757286541107239 -0.160214196413898 -0.633125979505883 0.652944038900213 0.205718427901646 0.728933474664425 -0.619254099303046 0.0810852682930842 -0.137252516921752 -0.446125676485351 0.815076842319054 -0.197332434137044
t = 4
b = 20 20 20
E = 0.344503380271944 -1.29860679772676 1.64311017799871
-191.212200124712 -488.086239954165 -2104.98981380237 -0.797775948642561 0.0855323299633635 0.596856562583088 -0.557053129958907 -0.483382030914785 -0.675302615567038 -0.228110310060809 0.163477195924013 0.135354010950415 0.438191267841594 0.509136007920431 -0.300720703196813
-191.567052293997 -488.510409021357 -2105.13965317351 -0.599349023770633 0.658477364334554 0.455179424363853 -0.763685553698701 -0.299922324049221 -0.571691328086077 0.130917639804055 0.11181217891715 -0.287895448360069 -0.627927392876433 0.216859377211964 -0.292318255443806
-192.040315627713 -488.745034636999 -2105.06714492178 -0.33314190179277 0.941334165442344 -0.0539116150830518 -0.796171486273728 -0.311477358279432 -0.518741573159458 -0.187527061547581 0.347804428687675 0.310778662702419 0.0945847192723755 0.0379241728076364 -0.128609859714385
-192.620901306046 -488.820560009504 -2105.07772660816 0.114957660943007 0.82711738256698 -0.550146863706466 -0.795920847224855 -0.254686429601601 -0.549222020251972 0.0279772981468244 -0.284793083510251 0.340043923525028 -0.694467992669487 0.0841593588670278 0.164964094337844
-193.174698074299 -488.707002470279 -2105.22593263511 0.514964811987423 0.532619706316232 -0.671660249574417 -0.787889771726598 -0.0145841549066152 -0.615643573859315 0.0639413919430176 -0.0120548023454755 -0.279262993040108 -0.301475292638261 0.234828762511651 -0.0288084312906448
-193.568847467438 -488.389546912332 -2105.39577763974 0.643666925798445 -0.0917153084056161 -0.759790228179622 -0.764792970422155 -0.040749331118086 -0.642986161908859 0.0151137258523647 -0.158738693779251 -0.149886446123377 -0.342564633761072 -0.0162447106180371 0.354383458207177
-193.855130041137 -488.190431465357 -2105.8224744101 0.528857090720905 -0.772397915169552 -0.351726652723317 -0.732413648172598 -0.205963181587081 -0.64896025748965 -0.198513197020002 -0.467993991107892 -0.19894009083891 0.339473696783641 -0.138561391096749 0.0549457338140068
-194.020492223103 -488.181716853972 -2106.2966341309 0.202432492582334 -0.964585623939972 0.169102513391249 -0.713314059177528 -0.263547199585031 -0.649404285919461 0.203049253703598 -0.295343608503289 0.421034735784473 -0.147412671523932 0.0502721234741391 0.182955661917041
-193.638712326422 -489.277837539867 -2106.25889966893 -0.337652917573531 0.922352572310721 -0.18776644962793 0.934316956461602 0.352625147724483 0.0520320099613275 0.0183792378401718 0.628703296550061 -0.326029654964127 0.615063032574742 0.359997323956586 0.621492475747077
-193.210802481981 -488.963521648027 -2106.37447360847 -0.584477392861275 0.599986839333102 0.546261814390463 0.809622833376845 0.386574657254631 0.441668316775513 -0.119618738562003 0.652378564114907 -0.390746510369045 -0.0457723502187333 -0.0780820436970355 0.0879335550044906
-192.871665261949 -488.509553684646 -2106.32924071397 -0.575067453378002 0.0365248152392442 0.817290255623471 0.807852705281819 0.183020460690309 0.560247728721459 -0.473995336788339 -0.377152531404883 0.0383483761192793 0.0403762239867433 0.183430881728379 0.0651287506408115
-192.559119457647 -488.157512341326 -2106.10535640713 -0.484597400720373 -0.482131804412278 0.729872785072316 0.751268139954927 0.198001285001755 0.629596436637247 -0.111253360737105 -3.04558627690671 -2.70315100585762 -0.494929799086918 -1.33511049944999 -1.1499562798725
-192.383220705788 -487.815575081729 -2105.68947400161 -0.240918567407788 -0.804981943379012 0.542182916285573 0.591904941065649 0.320857276644908 0.739391066193042 0.933895027793306 3.33683742553998 2.97715751633446 0.601150206366546 1.60129774638446 0.974400821457088
-192.442438003332 -487.670092548522 -2105.22541281356 0.341751152040434 -0.929961336134914 0.135565716068631 0.574554291232557 0.320902146704772 0.752933714656558 0.127858706198767 -0.107412196601996 -0.0716320596706635 -0.146698215505296 0.433915059455726 -0.317962116100879
-192.301085465512 -487.672764482236 -2104.74209864471 0.550299007103151 -0.737153661462177 -0.392142170869434 0.714477243555422 0.172689855707762 0.678012154888892 0.265775425193115 -0.24208374689735 0.0654423953724735 -0.0597623512068432 0.301160241994484 0.0445219889456657
-192.146928825482 -487.861156749 -2104.2674856446 0.755693535483301 -0.161289593523554 -0.634754241773741 0.654778146434893 0.206615532617993 0.727032049246984 -0.621001534381518 0.0646040765405941 -0.148574752416585 -0.444432219508104 0.814143739141016 -0.200641946038078
t = 5
b = 20 20 20
E = 0.354014369104071 -1.36045280681331 1.71446717591738
-191.212890081397 -488.085751112127 -2104.9894026956 -0.796708284444492 0.085496788724687 0.598286059185136 -0.557979308322167 -0.484391813000472 -0.673812780364421 -0.231720939548492 0.161120565204547 0.149884686883004 0.434111828601718 0.513975802692352 -0.293411142218823
-191.566677749938 -488.510073193998 -2105.14053677744 -0.599081696855976 0.658059776551379 0.456134246661345 -0.763609048740169 -0.298213332787372 -0.57268667596687 0.12292225729368 0.110759758706382 -0.302851539239959 -0.622257262890646 0.201940611793147 -0.290725735179635
-192.040892307706 -488.744031679432 -2105.06623004559 -0.333252050963397 0.941316663470357 -0.0535351249342443 -0.796349865123511 -0.311418425930856 -0.518503091898703 -0.194070051890633 0.315674798593585 0.305539237801973 0.092345624273604 0.0269148065420638 -0.122016778379194
-192.620795393348 -488.821403265085 -2105.07668711576 0.115467585847759 0.826941262203064 -0.55030481143135 -0.794651673422237 -0.255501712614195 -0.550679210410609 0.0429134386386079 -0.274580251923657 0.342569590675568 -0.69176826081065 0.0897246898648781 0.161293909692881
-193.174492062809 -488.707038999227 -2105.22676883962 0.515487966334201 0.532699953187245 -0.671195140357062 -0.787223784530006 -0.0149760046511344 -0.616485549185821 0.0664065005761036 -0.0121578409383023 -0.286709045548265 -0.299382409917219 0.230679751702003 -0.0244068062304608
-193.568831656858 -488.390034234878 -2105.39623918691 0.643587801130642 -0.0927845140612475 -0.759727435457115 -0.764863096621659 -0.0417669026482894 -0.642837436113903 -0.00515642801019174 -0.174566294405017 -0.154733454720206 -0.3458144790257 -0.0257070674645193 0.35698810810633
-193.855744099285 -488.191812120559 -2105.82304258019 0.528478022498729 -0.772579389760834 -0.35189780654703 -0.732201526126663 -0.205021884883912 -0.649497461008458 -0.212321827828452 -0.451524688148138 -0.172569280066639 0.339324864483302 -0.140020436022994 0.0461258658291616
-194.019889390718 -488.182596457349 -2106.29538944931 0.202170677342304 -0.964552655313493 0.16960304345926 -0.713581762019994 -0.263693515562663 -0.649050690441543 0.204489393073218 -0.287366829021529 0.410598005853255 -0.146716836650351 0.0448479929975849 0.181136348210312
-193.638653483386 -489.275947729754 -2106.25986222732 -0.338877101880816 0.92226522736397 -0.185981612575392 0.934157703588273 0.353335960316441 0.050030830234384 0.0198292142289388 0.632030914223693 -0.314972415297589 0.611014086391555 0.35893830254657 0.631966915948843
-193.211129481152 -488.961585576542 -2106.37566422435 -0.584291484737557 0.599902034004 0.546553758070553 0.809759735109964 0.386332119889688 0.441629555777443 -0.104555300825276 0.637321259977226 -0.410803255756545 -0.0414647309399446 -0.0871360192132409 0.0824160550539114
-192.873062360022 -488.510695101731 -2106.32914585941 -0.575478093159104 0.0362412413775679 0.817013792244277 0.80752611315977 0.183167674334319 0.560670294954202 -0.452100705105591 -0.377893091389639 0.0212170371958815 0.0482260046054348 0.174052690565369 0.0547103376694495
-192.559500177151 -488.16693207309 -2106.11374622127 -0.483089971725897 -0.478254147966244 0.733414650229291 0.753927229952194 0.198716932569538 0.626183130279606 -0.123705667347341 -3.13483015779677 -2.78607176564349 -0.498157663236309 -1.37342777571531 -1.20030886019868
-192.380413382108 -487.805293407946 -2105.68027906928 -0.24153208521577 -0.808071267371406 0.537292358646661 0.58931709010801 0.317743218342122 0.742795136295479 0.917226181460866 3.40905411241842 3.04289779555193 0.600749369709419 1.66889162235929 1.00794984428912
-192.442046420362 -487.670370649061 -2105.22561700479 0.340300702936159 -0.930545404579782 0.135206070857066 0.57532305197669 0.31977941213707 0.752824357627659 0.132220991763158 -0.0713895470410017 -0.0621770382306265 -0.149213989970203 0.430177263986535 -0.317016144991896
-192.300262369832 -487.673475985857 -2104.74184925565 0.549733801149243 -0.737218963738485 -0.392811592723992 0.715030656481914 0.172163396293327 0.677562488090796 0.29011206361435 -0.229423627147478 0.107741032787897 -0.0619156062170159 0.280510055867014 0.0457012971316189
-192.148788605984 -487.860970437976 -2104.26794215014 0.75409920010832 -0.162375565303262 -0.636371410568105 0.656604675463275 0.207505281039123 0.725128856480448 -0.625425527836892 0.052666191109467 -0.147256242677224 -0.441884196751183 0.815373907673233 -0.195647800270729
t = 6
b = 20 20 20
E = 0.356171868086705 -1.33806184848707 1.69423371657377
-191.213591930603 -488.085269899445 -2104.98894945505 -0.795635610084934 0.0854889762610531 0.599712940416173 -0.558915409176362 -0.485389081629766 -0.672317636850196 -0.230814821267456 0.16226180967071 0.154275194530724 0.434213368453197 0.521107216659336 -0.28908054327079
-191.566327548855 -488.509740679895 -2105.1414648884 -0.598848231184974 0.657630112743915 0.45705954843877 -0.763508031781284 -0.296543768884223 -0.573687439762639 0.0962376215295739 0.104839302281409 -0.314128902878499 -0.626923761670289 0.187851296281657 -0.289194284459614
-192.041487689417 -488.743126108656 -2105.06533052367 -0.333378249868782 0.941291409535817 -0.0531923382500134 -0.796513839232755 -0.311389545231083 -0.518268516342135 -0.195013649380819 0.283324634171186 0.291748250762169 0.0970031613826965 0.0200633530287987 -0.11899449557894
-192.620644336183 -488.822213413674 -2105.07564058919 0.11598476428578 0.826775564670104 -0.550445001901192 -0.793382020797761 -0.256298386986566 -0.552137759895975 0.0613456189885777 -0.266607172397017 0.356128941792462 -0.683320514008462 0.102291056997969 0.158658254246101
-193.174278994591 -488.707076459565 -2105.22762846797 0.516004794783769 0.532768694664291 -0.67074329645988 -0.78656577965595 -0.0153693692988813 -0.617315200494514 0.0712866920414982 -0.0162371659218897 -0.287975504335798 -0.300738970550143 0.226893355562108 -0.016555723040201
-193.568877700768 -488.390568902562 -2105.39671480485 0.643486581379019 -0.0938625248539642 -0.759680752693645 -0.764951878562721 -0.0427912165528199 -0.642664403300272 -0.0270026319020726 -0.178618521634956 -0.163693153541685 -0.346400183975506 -0.0359248440163253 0.362157426661077
-193.85639947145 -488.193141611664 -2105.82352916621 0.52810761609024 -0.772745395229726 -0.352089335224368 -0.731990512936199 -0.204077956606459 -0.650032365808605 -0.220799875596944 -0.442527576512398 -0.147363531261188 0.338143810230786 -0.149860081954217 0.0341109238824012
-194.019283543301 -488.183451784286 -2106.29417694934 0.201900562368729 -0.964523672741362 0.170088940371514 -0.713851362152739 -0.263823402535717 -0.648701352724931 0.196445402343413 -0.273843444239138 0.399209523770681 -0.143106221217486 0.0423901470082962 0.182628640641712
-193.638590079893 -489.274048581121 -2106.26079186887 -0.340097131766588 0.922181068898409 -0.184163017811744 0.933992581086764 0.354047598492686 0.048043277120182 0.0211422792140274 0.632615316071303 -0.297561122446641 0.60297909938452 0.36109684607999 0.640446745680366
-193.211410613034 -488.959696545254 -2106.37691637065 -0.584082848588138 0.599839071226681 0.546845786867814 0.809913011547964 0.386082500520998 0.441566774697509 -0.086196427962435 0.630414630652489 -0.417496283418814 -0.0408443266367093 -0.0911543910110173 0.0778439184358858
-192.874393575223 -488.511841323938 -2106.32910512683 -0.575869114483598 0.0359938265930743 0.816749170450184 0.80721297858829 0.183336762996857 0.561065805884172 -0.433640301171302 -0.388921654158865 0.0028857402961793 0.0516037622094991 0.162401617604261 0.0503115169890003
-192.559864673104 -488.176316997363 -2106.12206803961 -0.481572392365261 -0.474344639719297 0.736943141416737 0.756580503581112 0.199404901787237 0.62275486890443 -0.112112255271964 -3.12148671949149 -2.75764264570402 -0.49565525258635 -1.38046754599827 -1.20652372401852
-192.377711196331 -487.795099684554 -2105.6712098876 -0.242160855701784 -0.811159957738376 0.532332267411676 0.586707960412628 0.314554402280333 0.746209955169801 0.878690132936625 3.39022615350532 3.00402866198049 0.596909188130232 1.69512631980417 1.00579736034114
-192.441639380152 -487.67053614231 -2105.22578263011 0.338859282055706 -0.93112209400677 0.13485560061465 0.576090805148421 0.318669880556915 0.752707706516471 0.142749815014151 -0.0326048794287998 -0.0463050741792705 -0.150845461534154 0.419446843711935 -0.314582219391314
-192.299367422853 -487.674149663398 -2104.74147391052 0.549213617074902 -0.737271036716216 -0.393441000963167 0.715552486767587 0.17168651273743 0.677132468594426 0.304088209060847 -0.217303865833105 0.154281383793086 -0.0582874628980646 0.263639311278907 0.0391166658626296
-192.150659675519 -487.86081954111 -2104.26839311372 0.752498961701171 -0.163449373761828 -0.637988726276199 0.658428537648698 0.208384160236217 0.723220507571822 -0.622901328451605 0.0472578234604434 -0.145475932397993 -0.437322720955688 0.819586791212932 -0.196364497629039
t = 7
b = 20 20 20
E = 0.344549504616157 -1.30624990276219 1.65079940737834
-191.214292112247 -488.084785870321 -2104.9884845452 -0.794552033967377 0.0855044232760451 0.601145622057198 -0.559863952041252 -0.48638413958194 -0.67080759086931 -0.239622841106265 0.155089127284378 0.155602084462536 0.430938332706458 0.529138096811265 -0.289751021833811
-191.566057752705 -488.509426082183 -2105.14242646226 -0.598646764611292 0.657189174756565 0.457956809975808 -0.763376552166599 -0.294890518545663 -0.574713686694606 0.0857293985073806 0.0964865695036149 -0.326324759321667 -0.624975822491253 0.170344451190597 -0.293824643057606
-192.042085055138 -488.742318435517 -2105.06447210425 -0.333516004914193 0.941260901227705 -0.0528676676815203 -0.796677988628803 -0.31138169536165 -0.518020870456076 -0.205559383300082 0.256671245240476 0.286081215923291 0.100727912814223 0.0147428185082976 -0.114984866447484
-192.620438162227 -488.822997880789 -2105.07455421158 0.116527351367713 0.826623963087632 -0.550558080526046 -0.792119853624382 -0.257050810195946 -0.55359824644926 0.0671530752834764 -0.257996940003033 0.368225443523896 -0.679544538234842 0.115987750164963 0.159378056091758
-193.174051532642 -488.707126666737 -2105.22849271559 0.516519781857897 0.532817289031684 -0.670308176481831 -0.785911647020553 -0.0157723626848126 -0.618137618700544 0.0892412125873452 -0.0205707765840859 -0.288986674389713 -0.302044955443579 0.220815758186304 -0.0148000809618817
-193.568990164042 -488.391115567519 -2105.39721682443 0.643361357638335 -0.0949571275850777 -0.759650779910447 -0.765060506423079 -0.0438140459618255 -0.64246614765925 -0.0502567634445676 -0.179638513338037 -0.174914481941997 -0.344963914356396 -0.0508262136448861 0.370612366139137
-193.857080037697 -488.194442575123 -2105.82393783979 0.527731629872415 -0.772895273040083 -0.352324032311877 -0.731795244479651 -0.203113789977027 -0.650554001200619 -0.232466509324787 -0.422635488492909 -0.12710036751607 0.334824381151533 -0.151582332836862 0.0250785414331517
-194.018703132592 -488.184266212192 -2106.29299944314 0.201621826915041 -0.964496431543332 0.170573363839788 -0.714115192345589 -0.263945374517458 -0.648361266063961 0.187256405196437 -0.256774432348438 0.375521043415037 -0.146217739015814 0.0377662264638615 0.183947621682771
-193.638522523754 -489.272148307715 -2106.26166956927 -0.341321229620562 0.922095614903894 -0.182317018364491 0.933817079217209 0.354770849333351 0.0460793557413149 0.0229722519428703 0.639458385538206 -0.283114072256488 0.595962953644097 0.363095110134724 0.647789911393667
-193.211636128682 -488.957829905279 -2106.37818981001 -0.58386384708915 0.599790144047803 0.547133248089872 0.810073240907796 0.385827098723071 0.441496086342877 -0.0619378895090442 0.60118636941261 -0.429313905477538 -0.0378196617001179 -0.0979798988360737 0.0635182860221977
-192.875669560852 -488.513023475887 -2106.32912215944 -0.576232725254679 0.0357661379335119 0.816502682005936 0.806918991549398 0.18351431607635 0.561430527199877 -0.409013954569754 -0.396124688628199 -0.0121878356911102 0.0612313648897427 0.151362487648697 0.0374385622903577
-192.560190244905 -488.185657131642 -2106.13029843513 -0.480024367870257 -0.47040450087278 0.740470263960269 0.759231163584479 0.20009037314973 0.619299509780978 -0.106835755421459 -3.09775933420318 -2.72765070194021 -0.495794745240695 -1.38798065724569 -1.21527329338302
-192.375129868984 -487.784968220461 -2105.66227081594 -0.24282509472003 -0.814246034741198 0.52729438483872 0.584081082632687 0.311271071140407 0.749639652887794 0.796170949972914 3.3461643290907 2.86874591951562 0.599582191114223 1.75473962548222 1.01194830495039
-192.441198109589 -487.670581153962 -2105.22588909197 0.337442395015497 -0.931683933109612 0.134527613639761 0.576848466015396 0.317592970229384 0.752582588502128 0.195311890868841 0.0260658328555744 0.0583968541848014 -0.152892206006612 0.371558269655535 -0.320705725704542
-192.298431766025 -487.674787063827 -2104.74095993797 0.548720373114215 -0.737327131078196 -0.394023671757667 0.716041570340175 0.171239512930174 0.676728526631035 0.321709552922226 -0.203937419810685 0.189810116597354 -0.0521444873349637 0.242903143805582 0.0381416135465066
-192.152521165756 -487.86068442363 -2104.26883708 0.750887174717089 -0.164529365782579 -0.639608113332353 0.660256502443838 0.209244891933845 0.721302936483849 -0.613410582803932 0.0493884115176249 -0.150290856336299 -0.438847376363565 0.815798168688468 -0.193156907072244
t = 8
b = 20 20 20
E = 0.352357416020564 -1.22502086119447 1.57737827721504
-191.215019774954 -488.084324019969 -2104.98801718628 -0.793452496955725 0.0855313936008547 0.60259232967523 -0.560829393681906 -0.487367927910173 -0.66928536068476 -0.242574128011019 0.16019569139128 0.150379613501402 0.431748876548793 0.533591096704702 -0.283290739850783
-191.56581977261 -488.509136682984 -2105.14342424726 -0.598489601497424 0.656721288533766 0.458832590479366 -0.763213316518248 -0.293274022786468 -0.575756702998636 0.0756495421405992 0.100841660134175 -0.348958926092236 -0.614532906679094 0.149627703511812 -0.287328251126433
-192.042713367636 -488.741591646977 -2105.06363060132 -0.333660234718113 0.941226940889823 -0.0525613309481278 -0.796842386078011 -0.311390278139211 -0.517762789730865 -0.211846130261742 0.228885942740397 0.274551611888889 0.0999271939584095 0.00930127597570264 -0.107952564925442
-192.620215183793 -488.823755331272 -2105.07343269174 0.117103708708027 0.826482162236948 -0.550648669217464 -0.790856475458187 -0.257763541258912 -0.555071159423293 0.0828803443385143 -0.253297448566053 0.372444952169857 -0.669395716430409 0.127713010454796 0.158547421239882
-193.173770360114 -488.70719024554 -2105.22936055544 0.517021436128965 0.532861202468684 -0.669886388491938 -0.785264931782948 -0.0161884498842137 -0.61894823774066 0.104413496655673 -0.018636376592291 -0.294259104499771 -0.305621536548739 0.219884850160264 -0.0139430158446877
-193.569173088176 -488.391665143427 -2105.39775200818 0.643201133042926 -0.0960787887401551 -0.759645423080085 -0.765197812405719 -0.0448279481752587 -0.642232639276375 -0.0745617463551842 -0.192034102369637 -0.188746566282867 -0.34534373873489 -0.0595863343692693 0.380192963502656
-193.857795271142 -488.195682484234 -2105.82428357859 0.527364079152277 -0.773029402030518 -0.35258002157838 -0.731605653855753 -0.202152032221738 -0.651066604207986 -0.248967408665659 -0.40580508541956 -0.102599351923963 0.329243801846067 -0.157996516693793 0.0192099960700298
-194.018151572521 -488.185029132054 -2106.2918937829 0.201330182654652 -0.964472635024372 0.171051728554229 -0.714388077290795 -0.264053359671669 -0.648016587959649 0.188434983549069 -0.252616933502863 0.366076249597697 -0.150954401012123 0.0303278555650159 0.18804007087455
-193.63844926096 -489.270228107915 -2106.26250425625 -0.342548475826576 0.92200837564995 -0.180446936632994 0.933631798963583 0.355504792619156 0.0441362253578126 0.0288733581539389 0.642118884431584 -0.277278276846944 0.585115807703412 0.361397528043762 0.659112759679922
-193.211788468871 -488.956052484976 -2106.37949982029 -0.583626078427903 0.599779029494542 0.547399046726839 0.810245718302497 0.385565911987464 0.441407751954749 -0.0468998234789776 0.572397574946643 -0.449385169800946 -0.0382445019154138 -0.107361595031847 0.0564970314625536
-192.876872173977 -488.514230345382 -2106.32918720111 -0.57657373441717 0.0355829008720506 0.816269922235144 0.806640707880941 0.183718835249315 0.561763435944321 -0.40011583518004 -0.403325749019377 -0.0232784781669693 0.0687445720524178 0.141748689165739 0.0313824662443948
-192.560495712501 -488.194921278786 -2106.13843299132 -0.478447991917613 -0.466427010370008 0.743998227838817 0.76188314678233 0.200766704472382 0.615813933769246 -0.0960862026586528 -3.07698507364891 -2.69630424652567 -0.494116654585002 -1.39477402649875 -1.22705385626825
-192.372933294251 -487.775027335693 -2105.65397433214 -0.243619930636397 -0.817405945359267 0.522012308176771 0.581371120563321 0.307735450488012 0.753197525678284 0.587137819187748 3.24659010471221 2.50459603513504 0.598045734317156 1.92350737344387 1.02369035877824
-192.440464084664 -487.670392933256 -2105.22544621734 0.336145040281197 -0.932169682161042 0.134410548522555 0.577524428774536 0.31675033521551 0.752419270958359 0.38807089200361 0.130060456196292 0.394226241164387 -0.152005730301548 0.216741182237956 -0.339953849182859
-192.297444441084 -487.675384152229 -2104.74034030373 0.548269786822587 -0.737374293908595 -0.394562278405216 0.716488341029096 0.170826064863919 0.676360046670766 0.337566725144587 -0.194839276316576 0.228716938925469 -0.0531815280254217 0.222918556530938 0.0387736016115819
-192.154352167412 -487.860542430058 -2104.269293775 0.749279516125999 -0.165599144108164 -0.641215353983849 0.662070232602606 0.210109025903442 0.719386686237268 -0.609282993676617 0.0528345490228825 -0.152718012035896 -0.43980711097717 0.813017604102315 -0.190157135518047
t = 9
b = 20 20 20
E = 0.350314165170132 -1.16421448839663 1.51452865356676
-191.215757296141 -488.083847536165 -2104.98756703474 -0.792348032583451 0.0855832598819529 0.604036506255303 -0.5618002896741 -0.488351995467508 -0.667752022119739 -0.248144187578296 0.155150513072725 0.143398111793056 0.426860502836178 0.537711553193271 -0.276935856738065
-191.565612249237 -488.508834361965 -2105.14448951755 -0.598375925142421 0.656247035857852 0.459658656110962 -0.763018875854438 -0.291718287218752 -0.576803810660079 0.0640382669762892 0.104143456575136 -0.369642297005299 -0.611103671870932 0.132560521971498 -0.285923834486345
-192.043359725488 -488.740949089276 -2105.06282352049 -0.333806604279077 0.941190643121595 -0.0522812035059422 -0.797000086257877 -0.311413765568643 -0.517505873511881 -0.228873411676549 0.199138336924438 0.265759362824816 0.10457040087439 0.000654528295623584 -0.105424404450025
-192.619945956074 -488.824497825686 -2105.0723000185 0.117706083359963 0.826350862426752 -0.55071728691464 -0.789604121992454 -0.258432191012447 -0.556541223253976 0.090135291407929 -0.238476579765334 0.375772010941566 -0.670570600337532 0.138272934640903 0.154971255460381
-193.173443823158 -488.707248269376 -2105.23024455033 0.517521046183459 0.532903052329858 -0.669467178862936 -0.784615280520509 -0.0166151097768448 -0.619760275994538 0.114872079851795 -0.0113571449369968 -0.292424759114617 -0.306719042814648 0.217451628151779 -0.0119429200834726
-193.569429427527 -488.392251766393 -2105.39832815412 0.643019938186316 -0.0972300943615496 -0.759652333535093 -0.765352051332575 -0.0458400214270433 -0.641977359380055 -0.0928721288192382 -0.200955047290767 -0.199355846724521 -0.345100166328829 -0.0683622566408137 0.383700255742241
-193.858559525259 -488.196870756605 -2105.82455391212 0.526990592217946 -0.77315630257073 -0.352860096226445 -0.731432144236433 -0.201185849376201 -0.651560643676757 -0.264747663595668 -0.395242032747191 -0.0727231939126941 0.328752813827118 -0.164176130279837 0.0178624399317548
-194.017597721561 -488.18577929821 -2106.29081717537 0.201014036463938 -0.964454567159051 0.171524765064762 -0.714674963364862 -0.264139256491897 -0.647665152620813 0.177115525401833 -0.249636024645405 0.34338048222188 -0.151891087028659 0.0263266651401778 0.189652869302001
-193.638358080995 -489.268300521521 -2106.26332179551 -0.343769670865841 0.921924985922602 -0.178540566047055 0.933439462052861 0.356240972193937 0.0422272472792704 0.0384680434910369 0.638783920556743 -0.267524128120015 0.581311370409276 0.362236683860439 0.666890296300323
-193.211895494556 -488.954362736456 -2106.38087097924 -0.583364490424925 0.599793331987364 0.547662149700674 0.810434349280133 0.385287072754538 0.441304925278573 -0.023891062840233 0.559209017774929 -0.464144767500979 -0.0417868209283837 -0.121447137837451 0.0509745579796435
-192.878049012418 -488.515462258143 -2106.32928834327 -0.576892955692136 0.0354233576502846 0.8160512872397 0.806376529934235 0.183944254302927 0.562068859909676 -0.391236944071346 -0.416075834926061 -0.0474623419424006 0.0763193584994737 0.131602065156165 0.0287210558675549
-192.560764537321 -488.204118211653 -2106.14646797911 -0.476848681032498 -0.462404851165483 0.747527316568561 0.764532750070378 0.201437033530677 0.612301229455066 -0.0809803979993072 -3.0523814715435 -2.64951341120183 -0.491922862758302 -1.39420207494859 -1.22844391855387
-192.371646828806 -487.765481746682 -2105.64724509724 -0.244783894559861 -0.820777047276143 0.516145215640679 0.57847903381646 0.303579963183091 0.75710053056944 0.224725799309844 3.10036460261217 1.91499719109004 0.596788816973243 2.19368974263547 1.02833412291951
-192.438870891391 -487.669796967973 -2105.22352257 0.33517598017921 -0.932453086797181 0.134864017563301 0.577968326750367 0.316542678917029 0.752165770091548 0.707162550289527 0.282624307640216 0.945917497856284 -0.158321365049771 -0.0357261236698032 -0.373905023333694
-192.296410551595 -487.675953660533 -2104.73960452367 0.547862470545304 -0.737409825084512 -0.395061341106448 0.716903366819419 0.170458669130732 0.67601287322148 0.354404648363692 -0.185858021094785 0.263655334015239 -0.0488480036401033 0.200873827247478 0.0384909192237736
-192.156168794458 -487.860389593663 -2104.26975598709 0.747674065481444 -0.166659929934763 -0.642812538428265 0.663872049851798 0.210974469635736 0.71747033010954 -0.596648101720674 0.0557553479264288 -0.154728909360439 -0.437887138806664 0.806959257498044 -0.184614246016088
t = 10
b = 20 20 20
E = 0.348282852571223 -1.18151771978299 1.52980057235422
-191.216512492544 -488.083386901337 -2104.98713936518 -0.79123915405197 0.0856592366211216 0.605477577022147 -0.562779914140515 -0.489321543932408 -0.666215576884539 -0.24521434676412 0.151380442217231 0.142118238330937 0.423639413756116 0.544447042624679 -0.272213079483301
-191.565439557519 -488.508522324379 -2105.1456163023 -0.598300994698098 0.655759258211634 0.46045164242621 -0.762794792321036 -0.290201449743445 -0.5778643641675 0.0467346633883184 0.0933253485903669 -0.377137493068583 -0.600687546614045 0.116258596835339 -0.285418852138348
-192.044055800208 -488.740396962417 -2105.06204225856 -0.333969369958244 0.941147345760834 -0.052020510349584 -0.797156177905012 -0.311463039854632 -0.51723573236232 -0.231001172846759 0.164278236852725 0.262604293239276 0.104566530401696 -0.00348761815909747 -0.100507571665379
-192.619656070911 -488.82519492208 -2105.07115923756 0.118326561761847 0.826233230399659 -0.550760813570613 -0.788342786273032 -0.259076811217299 -0.558027649154365 0.107067257504685 -0.230229587266707 0.370785740904894 -0.669531103331491 0.151622985952759 0.152271286073704
-193.173086116911 -488.707284646081 -2105.2311231962 0.518016293568702 0.532939928436487 -0.669054670617773 -0.783967511542133 -0.0170484229090743 -0.620567717596354 0.128123494023787 -0.0155252154442036 -0.297373770998749 -0.305224259898766 0.217967140436067 -0.0153673401272672
-193.569741050295 -488.392864999298 -2105.39893553622 0.64281826639558 -0.0983929555717179 -0.759673286802981 -0.765523159882208 -0.04684834085413 -0.641700494501271 -0.11794475361984 -0.202813201863875 -0.203365123398958 -0.349560303766707 -0.0782076594881813 0.392416190826866
-193.859370454717 -488.198026438858 -2105.82473296472 0.526605833055393 -0.773283929262327 -0.353154727190013 -0.731267764711057 -0.200206575343478 -0.652046611434896 -0.275592224858497 -0.382603951167225 -0.0453110430390088 0.325542822023462 -0.171450154543141 0.0122176226442424
-194.017079067713 -488.186520254666 -2106.28980933008 0.20068574153713 -0.964439430131163 0.171993659045819 -0.714966118164769 -0.264212913856775 -0.647313668964061 0.169296551759492 -0.261083041124241 0.326128190017659 -0.15572500681624 0.0193279836564927 0.19194354956829
-193.638237911443 -489.266383528635 -2106.26411046545 -0.344990694746294 0.921840974833979 -0.176608713419268 0.933239770977973 0.356983183926272 0.0403303391858129 0.0351106743643251 0.638636535748387 -0.262466255383016 0.574131040978877 0.365626491731616 0.673856679398635
-193.211933493189 -488.952713624894 -2106.38228714052 -0.583067861159192 0.5998353244933 0.547931978235677 0.810646842772276 0.384975538181959 0.441186503992192 -0.000926468638897899 0.537391579163807 -0.477552038580212 -0.0445650828769204 -0.13176712444611 0.0472244477421991
-192.879200532812 -488.516736268899 -2106.32946494 -0.577187747187816 0.0352779525575863 0.815849110166579 0.806127425634173 0.18419070016758 0.56234540952354 -0.377757733513529 -0.437660354804007 -0.0680736383039526 0.0867000595237849 0.121575744756469 0.0182002814660091
-192.560987301908 -488.213240435743 -2106.15436313183 -0.475231180207037 -0.458371029979221 0.751033504069435 0.767167286068972 0.202091009948853 0.60878040284114 -0.0719136663696867 -3.02726203322046 -2.61595003201026 -0.485200303202398 -1.40693749232495 -1.2267743444874
-192.371565929781 -487.756390113234 -2105.6424767323 -0.246434832707339 -0.824385410663613 0.509567039665529 0.575357572438835 0.298657330504076 0.76142462711254 -0.136628954511897 2.98199688015592 1.31662821821484 0.595969223772782 2.47271545705992 1.03127043590603
-192.436201517732 -487.668724423127 -2105.21974869603 0.334610071835723 -0.932487421363131 0.136026868028455 0.578143221791919 0.317125568596104 0.751785733330088 1.04439566765513 0.422113761724647 1.51549477608212 -0.153705171073213 -0.297897182286372 -0.407906656036623
-192.295326496281 -487.676495720554 -2104.73876335317 0.547501978841897 -0.737434486712682 -0.395514804995982 0.71727621934393 0.170131617770026 0.675699680182425 0.362961126811795 -0.177113542333297 0.29732530041149 -0.0410515391628464 0.179921204340675 0.036193262860544
-192.157945537102 -487.860227474059 -2104.27022242724 0.746077303540526 -0.167702274491555 -0.644394758104114 0.665654780882344 0.211834597491105 0.715562587055989 -0.588338694238157 0.0536048350185307 -0.15083349791064 -0.436901453016158 0.802419506728656 -0.179573717504798
