        0.0000 #id1 id2 FENE BEXC STCK NEXC HB CRSTCK CXSTCK total, t = 0
0 1 0.0258299 0 -1.11187 0 0 0 0 -1.08604
1 2 0.0114047 0 -1.18206 0 0 0 0 -1.17066
2 3 0.0161466 0 -1.13308 0 0 0 0 -1.11694
3 4 0.000135413 0 -1.03368 0 0 0 0 -1.03354
4 5 0.00519887 0 -1.17063 0 0 0 0 -1.16543
5 6 0.0288094 0 -1.3209 0 0 0 0 -1.29209
6 7 0.0532854 0 -1.37937 0 0 0 0 -1.32609
6 8 0 0 0 0 -0 -0.0713895 0 -0.0713895
7 8 0 0 0 0 -0.32306 0 -0 -0.32306
5 9 0 0 0 0 -0 -0.142778 0 -0.142778
6 9 0 0 0 0 -0.641821 0 -0 -0.641821
7 9 0 0 0 0 -0 -0.159778 -0 -0.159778
8 9 0.0438463 0 -0.997465 0 0 0 0 -0.953619
4 10 0 0 0 0 -0 -0.136576 -0 -0.136576
5 10 0 0 0 0 -0.818598 0 -0 -0.818598
6 10 0 0 0 0 -0 -0.192647 0 -0.192647
9 10 0.0068774 0 -0.869857 0 0 0 0 -0.862979
3 11 0 0 0 0 -3.66438e-29 -0.162503 0 -0.162503
4 11 0 0 0 0 -0.870932 0 -0 -0.870932
5 11 0 0 0 0 -0 -0.175282 0 -0.175282
10 11 0.0416968 0 -1.1803 0 0 0 0 -1.1386
2 12 0 0 0 0 -0 -0.183036 0 -0.183036
3 12 0 0 0 0 -0.781716 0 -0 -0.781716
4 12 0 0 0 0 -0 -0.104477 0 -0.104477
11 12 0 0 0 23.8526 0 0 -0.703731 23.1489
1 13 0 0 0 0 -1.66274e-31 -0.187416 0 -0.187416
2 13 0 0 0 0 -0.716495 0 -0 -0.716495
3 13 0 0 0 0 -0 -0.151884 -0 -0.151884
12 13 0.000221124 0 -1.2936 0 0 0 0 -1.29338
0 14 0 0 0 0 -0 -0.166137 0 -0.166137
1 14 0 0 0 0 -0.391073 0 -0 -0.391073
2 14 0 0 0 0 -0 -0.0037022 -0 -0.0037022
13 14 0.04556 0 -1.24216 0 0 0 0 -1.1966
0 15 0 0 0 0 -0.728776 0 -0 -0.728776
1 15 0 0 0 0 -0 -0.139965 0 -0.139965
14 15 0.0209068 0 -1.10369 0 0 0 0 -1.08279
#Total energy per particle is  0.0737577 and should be 0.073757710
        0.0030 #id1 id2 FENE BEXC STCK NEXC HB CRSTCK CXSTCK total, t = 1
0 1 0.0250435 0 -1.11353 0 0 0 0 -1.08849
1 2 0.0105138 0 -1.17422 0 0 0 0 -1.16371
2 3 0.0159859 0 -1.13416 0 0 0 0 -1.11817
3 4 0.000171917 0 -1.03161 0 0 0 0 -1.03144
4 5 0.00534112 0 -1.17132 0 0 0 0 -1.16598
5 6 0.0280849 0 -1.32042 0 0 0 0 -1.29234
6 7 0.056794 0 -1.3841 0 0 0 0 -1.3273
6 8 0 0 0 0 -0 -0.0701706 0 -0.0701706
7 8 0 0 0 0 -0.314276 0 -0 -0.314276
5 9 0 0 0 0 -0 -0.142408 0 -0.142408
6 9 0 0 0 0 -0.62756 0 -0 -0.62756
7 9 0 0 0 0 -0 -0.155598 -0 -0.155598
8 9 0.0422962 0 -0.994298 0 0 0 0 -0.952002
4 10 0 0 0 0 -0 -0.135556 -0 -0.135556
5 10 0 0 0 0 -0.809387 0 -0 -0.809387
6 10 0 0 0 0 -0 -0.191163 0 -0.191163
9 10 0.0048641 0 -0.884981 0 0 0 0 -0.880117
3 11 0 0 0 0 -3.98984e-29 -0.162666 0 -0.162666
4 11 0 0 0 0 -0.869958 0 -0 -0.869958
5 11 0 0 0 0 -0 -0.175981 0 -0.175981
10 11 0.0421283 0 -1.17738 0 0 0 0 -1.13525
2 12 0 0 0 0 -0 -0.182468 0 -0.182468
3 12 0 0 0 0 -0.780568 0 -0 -0.780568
4 12 0 0 0 0 -0 -0.104082 0 -0.104082
11 12 0 0 0 20.8962 0 0 -0.694254 20.2019
1 13 0 0 0 0 -8.59847e-32 -0.187805 0 -0.187805
2 13 0 0 0 0 -0.698255 0 -0 -0.698255
3 13 0 0 0 0 -0 -0.152131 -0 -0.152131
12 13 0.000525296 0 -1.28949 0 0 0 0 -1.28897
0 14 0 0 0 0 -0 -0.165405 0 -0.165405
1 14 0 0 0 0 -0.3828 0 -0 -0.3828
2 14 0 0 0 0 -0 -0.00234304 -0 -0.00234304
13 14 0.0451122 0 -1.24362 0 0 0 0 -1.19851
0 15 0 0 0 0 -0.737094 0 -0 -0.737094
1 15 0 0 0 0 -0 -0.137929 0 -0.137929
14 15 0.0220747 0 -1.10464 0 0 0 0 -1.08256
#Total energy per particle is  -0.106782 and should be -0.10678210
        0.0060 #id1 id2 FENE BEXC STCK NEXC HB CRSTCK CXSTCK total, t = 2
0 1 0.0242751 0 -1.11512 0 0 0 0 -1.09084
1 2 0.00963798 0 -1.1663 0 0 0 0 -1.15666
2 3 0.015801 0 -1.13549 0 0 0 0 -1.11969
3 4 0.000212529 0 -1.02952 0 0 0 0 -1.02931
4 5 0.00545374 0 -1.17198 0 0 0 0 -1.16653
5 6 0.0273564 0 -1.31997 0 0 0 0 -1.29262
6 7 0.0602868 0 -1.3882 0 0 0 0 -1.32792
6 8 0 0 0 0 -0 -0.0688598 0 -0.0688598
7 8 0 0 0 0 -0.305389 0 -0 -0.305389
5 9 0 0 0 0 -0 -0.142026 0 -0.142026
6 9 0 0 0 0 -0.612708 0 -0 -0.612708
7 9 0 0 0 0 -0 -0.151402 -0 -0.151402
8 9 0.040792 0 -0.991248 0 0 0 0 -0.950456
4 10 0 0 0 0 -0 -0.134611 -0 -0.134611
5 10 0 0 0 0 -0.800097 0 -0 -0.800097
6 10 0 0 0 0 -0 -0.189704 -0 -0.189704
9 10 0.00321597 0 -0.900002 0 0 0 0 -0.896786
3 11 0 0 0 0 -3.81847e-29 -0.165356 0 -0.165356
4 11 0 0 0 0 -0.859407 0 -0 -0.859407
5 11 0 0 0 0 -0 -0.174891 0 -0.174891
10 11 0.0523334 0 -1.1863 0 0 0 0 -1.13397
2 12 0 0 0 0 -0 -0.180774 0 -0.180774
3 12 0 0 0 0 -0.766413 0 -0 -0.766413
4 12 0 0 0 0 -0 -0.103527 0 -0.103527
11 12 0 0 0 12.8802 0 -0 -0.664113 12.216
1 13 0 0 0 0 -3.73505e-32 -0.188156 0 -0.188156
2 13 0 0 0 0 -0.680266 0 -0 -0.680266
3 13 0 0 0 0 -0 -0.152382 -0 -0.152382
12 13 0.00251366 0 -1.28275 0 0 0 0 -1.28023
0 14 0 0 0 0 -0 -0.164671 0 -0.164671
1 14 0 0 0 0 -0.375915 0 -0 -0.375915
2 14 0 0 0 0 -0 -0.0013489 -0 -0.0013489
13 14 0.044498 0 -1.24541 0 0 0 0 -1.20091
0 15 0 0 0 0 -0.744282 0 -0 -0.744282
1 15 0 0 0 0 -0 -0.135827 0 -0.135827
14 15 0.0233323 0 -1.10581 0 0 0 0 -1.08248
#Total energy per particle is  -0.600647 and should be -0.60064710
        0.0090 #id1 id2 FENE BEXC STCK NEXC HB CRSTCK CXSTCK total, t = 3
0 1 0.023513 0 -1.11668 0 0 0 0 -1.09317
1 2 0.00876404 0 -1.15814 0 0 0 0 -1.14938
2 3 0.0155515 0 -1.13719 0 0 0 0 -1.12164
3 4 0.000259955 0 -1.02733 0 0 0 0 -1.02707
4 5 0.0055426 0 -1.17262 0 0 0 0 -1.16708
5 6 0.0266074 0 -1.3196 0 0 0 0 -1.29299
6 7 0.0638327 0 -1.39178 0 0 0 0 -1.32794
6 8 0 0 0 0 -0 -0.0674525 0 -0.0674525
7 8 0 0 0 0 -0.296371 0 -0 -0.296371
5 9 0 0 0 0 -0 -0.141625 0 -0.141625
6 9 0 0 0 0 -0.597697 0 -0 -0.597697
7 9 0 0 0 0 -0 -0.147172 -0 -0.147172
8 9 0.0393509 0 -0.988351 0 0 0 0 -0.949
4 10 0 0 0 0 -0 -0.13363 -0 -0.13363
5 10 0 0 0 0 -0.79084 0 -0 -0.79084
6 10 0 0 0 0 -0 -0.188329 -0 -0.188329
9 10 0.00191598 0 -0.914913 0 0 0 0 -0.912997
3 11 0 0 0 0 -3.31996e-29 -0.169334 0 -0.169334
4 11 0 0 0 0 -0.840676 0 -0 -0.840676
5 11 0 0 0 0 -0 -0.172533 0 -0.172533
10 11 0.0716433 0 -1.20192 0 0 0 0 -1.13028
2 12 0 0 0 0 -2.61033e-33 -0.177964 0 -0.177964
3 12 0 0 0 0 -0.73897 0 -0 -0.73897
4 12 0 0 0 0 -0 -0.102181 0 -0.102181
11 12 0 0 0 5.66395 0 -0 -0.613489 5.05046
1 13 0 0 0 0 -1.15854e-32 -0.188485 0 -0.188485
2 13 0 0 0 0 -0.662558 0 -0 -0.662558
3 13 0 0 0 0 -0 -0.15263 -0 -0.15263
12 13 0.00808337 0 -1.26547 0 0 0 0 -1.25739
0 14 0 0 0 0 -0 -0.163941 0 -0.163941
1 14 0 0 0 0 -0.370669 0 -0 -0.370669
2 14 0 0 0 0 -0 -0.000671218 -0 -0.000671218
13 14 0.043686 0 -1.24756 0 0 0 0 -1.20387
0 15 0 0 0 0 -0.750061 0 -0 -0.750061
1 15 0 0 0 0 -0 -0.133692 0 -0.133692
14 15 0.024725 0 -1.10713 0 0 0 0 -1.08241
#Total energy per particle is  -1.04076 and should be -1.0407610
        0.0120 #id1 id2 FENE BEXC STCK NEXC HB CRSTCK CXSTCK total, t = 4
0 1 0.022751 0 -1.11818 0 0 0 0 -1.09543
1 2 0.00793325 0 -1.14996 0 0 0 0 -1.14202
2 3 0.0152801 0 -1.13917 0 0 0 0 -1.12389
3 4 0.000315273 0 -1.02503 0 0 0 0 -1.02472
4 5 0.00563408 0 -1.17343 0 0 0 0 -1.16779
5 6 0.0258765 0 -1.31927 0 0 0 0 -1.29339
6 7 0.0673083 0 -1.39473 0 0 0 0 -1.32743
6 8 0 0 0 0 -0 -0.0659713 0 -0.0659713
7 8 0 0 0 0 -0.287324 0 -0 -0.287324
5 9 0 0 0 0 -0 -0.141204 0 -0.141204
6 9 0 0 0 0 -0.582873 0 -0 -0.582873
7 9 0 0 0 0 -0 -0.143006 -0 -0.143006
8 9 0.0380233 0 -0.985612 0 0 0 0 -0.947589
4 10 0 0 0 0 -0 -0.132661 -0 -0.132661
5 10 0 0 0 0 -0.781731 0 -0 -0.781731
6 10 0 0 0 0 -0 -0.187055 -0 -0.187055
9 10 0.000962584 0 -0.929617 0 0 0 0 -0.928654
3 11 0 0 0 0 -2.70465e-29 -0.173364 0 -0.173364
4 11 0 0 0 0 -0.815186 0 -0 -0.815186
5 11 0 0 0 0 -0 -0.169395 0 -0.169395
10 11 0.0994243 0 -1.21926 0 0 0 0 -1.11983
2 12 0 0 0 0 -5.70163e-32 -0.174179 -0 -0.174179
3 12 0 0 0 0 -0.700637 0 -0 -0.700637
4 12 0 0 0 0 -0 -0.0995793 0 -0.0995793
11 12 0 0 0 1.29738 0 -0 -0.544108 0.75327
1 13 0 0 0 0 -1.60632e-33 -0.188801 0 -0.188801
2 13 0 0 0 0 -0.645856 0 -0 -0.645856
3 13 0 0 0 0 -0 -0.152912 -0 -0.152912
12 13 0.0185448 0 -1.23085 0 0 0 0 -1.21231
0 14 0 0 0 0 -0 -0.163211 0 -0.163211
1 14 0 0 0 0 -0.367183 0 -0 -0.367183
2 14 0 0 0 0 -0 -0.000256851 -0 -0.000256851
13 14 0.042739 0 -1.25 0 0 0 0 -1.20726
0 15 0 0 0 0 -0.754488 0 -0 -0.754488
1 15 0 0 0 0 -0 -0.131542 0 -0.131542
14 15 0.0262463 0 -1.10849 0 0 0 0 -1.08224
#Total energy per particle is  -1.29861 and should be -1.2986110
        0.0150 #id1 id2 FENE BEXC STCK NEXC HB CRSTCK CXSTCK total, t = 5
0 1 0.0219859 0 -1.11961 0 0 0 0 -1.09763
1 2 0.00712117 0 -1.14169 0 0 0 0 -1.13457
2 3 0.015011 0 -1.1413 0 0 0 0 -1.12629
3 4 0.000376007 0 -1.02264 0 0 0 0 -1.02226
4 5 0.00570784 0 -1.17424 0 0 0 0 -1.16853
5 6 0.0251248 0 -1.31904 0 0 0 0 -1.29392
6 7 0.0707091 0 -1.39701 0 0 0 0 -1.3263
6 8 0 0 0 0 -0 -0.0644105 0 -0.0644105
7 8 0 0 0 0 -0.278364 0 -0 -0.278364
5 9 0 0 0 0 -0 -0.140773 0 -0.140773
6 9 0 0 0 0 -0.568247 0 -0 -0.568247
7 9 0 0 0 0 -0 -0.138962 -0 -0.138962
8 9 0.0367695 0 -0.983059 0 0 0 0 -0.94629
4 10 0 0 0 0 -0 -0.131736 -0 -0.131736
5 10 0 0 0 0 -0.772842 0 -0 -0.772842
6 10 0 0 0 0 -0 -0.185883 -0 -0.185883
9 10 0.000336311 0 -0.94417 0 0 0 0 -0.943834
3 11 0 0 0 0 -2.1089e-29 -0.176647 0 -0.176647
4 11 0 0 0 0 -0.784474 0 -0 -0.784474
5 11 0 0 0 0 -0 -0.165792 0 -0.165792
10 11 0.134983 0 -1.23506 0 0 0 0 -1.10008
2 12 0 0 0 0 -3.12854e-31 -0.169626 -0 -0.169626
3 12 0 0 0 0 -0.654727 0 -0 -0.654727
4 12 0 0 0 0 -0 -0.0954489 0 -0.0954489
11 12 0 0 0 0 0 -0 -0.459107 -0.459107
1 13 0 0 0 0 -0 -0.189113 0 -0.189113
2 13 0 0 0 0 -0.630196 0 -0 -0.630196
3 13 0 0 0 0 -0 -0.153225 -0 -0.153225
12 13 0.0342604 0 -1.17455 0 0 0 0 -1.14029
0 14 0 0 0 0 -0 -0.162479 0 -0.162479
1 14 0 0 0 0 -0.365304 0 -0 -0.365304
2 14 0 0 0 0 -0 -4.92189e-05 -0 -4.92189e-05
13 14 0.0416344 0 -1.25254 0 0 0 0 -1.21091
0 15 0 0 0 0 -0.757556 0 -0 -0.757556
1 15 0 0 0 0 -0 -0.129351 0 -0.129351
14 15 0.0279337 0 -1.10997 0 0 0 0 -1.08203
#Total energy per particle is  -1.36045 and should be -1.3604510
        0.0180 #id1 id2 FENE BEXC STCK NEXC HB CRSTCK CXSTCK total, t = 6
0 1 0.0212274 0 -1.121 0 0 0 0 -1.09978
1 2 0.00631287 0 -1.13319 0 0 0 0 -1.12688
2 3 0.014692 0 -1.14372 0 0 0 0 -1.12902
3 4 0.00044747 0 -1.02013 0 0 0 0 -1.01968
4 5 0.00578222 0 -1.17508 0 0 0 0 -1.16929
5 6 0.0243583 0 -1.31898 0 0 0 0 -1.29462
6 7 0.073944 0 -1.39859 0 0 0 0 -1.32465
6 8 0 0 0 0 -0 -0.0627841 0 -0.0627841
7 8 0 0 0 0 -0.269444 0 -0 -0.269444
5 9 0 0 0 0 -0 -0.140348 0 -0.140348
6 9 0 0 0 0 -0.554387 0 -0 -0.554387
7 9 0 0 0 0 -0 -0.134971 -0 -0.134971
8 9 0.0355825 0 -0.980727 0 0 0 0 -0.945144
4 10 0 0 0 0 -0 -0.130817 -0 -0.130817
5 10 0 0 0 0 -0.76448 0 -0 -0.76448
6 10 0 0 0 0 -0 -0.184868 -0 -0.184868
9 10 3.4034e-05 0 -0.958482 0 0 0 0 -0.958448
3 11 0 0 0 0 -1.59947e-29 -0.17873 0 -0.17873
4 11 0 0 0 0 -0.751062 0 -0 -0.751062
5 11 0 0 0 0 -0 -0.162044 0 -0.162044
10 11 0.176694 0 -1.24756 0 0 0 0 -1.07086
2 12 0 0 0 0 -1.02917e-30 -0.164755 -0 -0.164755
3 12 0 0 0 0 -0.606251 0 -0 -0.606251
4 12 0 0 0 0 -0 -0.0898549 0 -0.0898549
11 12 0 0 0 0 0 -0 -0.364391 -0.364391
1 13 0 0 0 0 -0 -0.189423 0 -0.189423
2 13 0 0 0 0 -0.616142 0 -0 -0.616142
3 13 0 0 0 0 -0 -0.153596 -0 -0.153596
12 13 0.0545127 0 -1.09716 0 0 0 0 -1.04265
0 14 0 0 0 0 -0 -0.161742 0 -0.161742
1 14 0 0 0 0 -0.365205 0 -0 -0.365205
13 14 0.0404006 0 -1.25527 0 0 0 0 -1.21487
0 15 0 0 0 0 -0.75914 0 -0 -0.75914
1 15 0 0 0 0 -0 -0.127162 0 -0.127162
14 15 0.0297319 0 -1.11123 0 0 0 0 -1.0815
#Total energy per particle is  -1.33806 and should be -1.3380610
        0.0210 #id1 id2 FENE BEXC STCK NEXC HB CRSTCK CXSTCK total, t = 7
0 1 0.0205393 0 -1.12217 0 0 0 0 -1.10163
1 2 0.00556353 0 -1.12472 0 0 0 0 -1.11916
2 3 0.0143501 0 -1.14642 0 0 0 0 -1.13207
3 4 0.000530783 0 -1.01752 0 0 0 0 -1.01699
4 5 0.00582789 0 -1.17579 0 0 0 0 -1.16996
5 6 0.0235064 0 -1.31915 0 0 0 0 -1.29564
6 7 0.0769459 0 -1.39949 0 0 0 0 -1.32254
6 8 0 0 0 0 -0 -0.0611079 0 -0.0611079
7 8 0 0 0 0 -0.260651 0 -0 -0.260651
5 9 0 0 0 0 -0 -0.139907 0 -0.139907
6 9 0 0 0 0 -0.541089 0 -0 -0.541089
7 9 0 0 0 0 -0 -0.131129 -0 -0.131129
8 9 0.0344844 0 -0.97853 0 0 0 0 -0.944046
4 10 0 0 0 0 -0 -0.129937 -0 -0.129937
5 10 0 0 0 0 -0.756645 0 -0 -0.756645
6 10 0 0 0 0 -0 -0.183993 -0 -0.183993
9 10 4.50822e-05 0 -0.972714 0 0 0 0 -0.972669
3 11 0 0 0 0 -1.1751e-29 -0.179522 0 -0.179522
4 11 0 0 0 0 -0.715623 0 -0 -0.715623
5 11 0 0 0 0 -0 -0.158182 0 -0.158182
10 11 0.224863 0 -1.25659 0 0 0 0 -1.03173
2 12 0 0 0 0 -2.59286e-30 -0.159723 -0 -0.159723
3 12 0 0 0 0 -0.557404 0 -0 -0.557404
4 12 0 0 0 0 -0 -0.0827668 0 -0.0827668
11 12 0 0 0 0 0 -0 -0.261534 -0.261534
1 13 0 0 0 0 -0 -0.18975 0 -0.18975
2 13 0 0 0 0 -0.603999 0 -0 -0.603999
3 13 0 0 0 0 -0 -0.154047 -0 -0.154047
12 13 0.0792293 0.10463 -0.998666 0 0 0 0 -0.814808
0 14 0 0 0 0 -0 -0.161 0 -0.161
1 14 0 0 0 0 -0.366959 0 -0 -0.366959
13 14 0.0390577 0 -1.25794 0 0 0 0 -1.21888
0 15 0 0 0 0 -0.759185 0 -0 -0.759185
1 15 0 0 0 0 -0 -0.125016 0 -0.125016
14 15 0.0316674 0 -1.11237 0 0 0 0 -1.0807
#Total energy per particle is  -1.30625 and should be -1.3062510
        0.0240 #id1 id2 FENE BEXC STCK NEXC HB CRSTCK CXSTCK total, t = 8
0 1 0.0198465 0 -1.12324 0 0 0 0 -1.10339
1 2 0.00483196 0 -1.11607 0 0 0 0 -1.11124
2 3 0.0139901 0 -1.14937 0 0 0 0 -1.13538
3 4 0.000610656 0 -1.01506 0 0 0 0 -1.01445
4 5 0.00581837 0 -1.17634 0 0 0 0 -1.17052
5 6 0.0226122 0 -1.31955 0 0 0 0 -1.29694
6 7 0.0796756 0 -1.39973 0 0 0 0 -1.32006
6 8 0 0 0 0 -0 -0.0593888 0 -0.0593888
7 8 0 0 0 0 -0.252079 0 -0 -0.252079
5 9 0 0 0 0 -0 -0.139479 0 -0.139479
6 9 0 0 0 0 -0.52927 0 -0 -0.52927
7 9 0 0 0 0 -0 -0.127569 -0 -0.127569
8 9 0.0334055 0 -0.976602 0 0 0 0 -0.943197
4 10 0 0 0 0 -0 -0.129099 -0 -0.129099
5 10 0 0 0 0 -0.749564 0 -0 -0.749564
6 10 0 0 0 0 -0 -0.183294 -0 -0.183294
9 10 0.000362058 0 -0.98662 0 0 0 0 -0.986258
3 11 0 0 0 0 -8.31827e-30 -0.17894 0 -0.17894
4 11 0 0 0 0 -0.678751 0 -0 -0.678751
5 11 0 0 0 0 -0 -0.154225 0 -0.154225
10 11 0.280064 0 -1.26227 0 0 0 0 -0.982204
2 12 0 0 0 0 -5.307e-30 -0.155432 -0 -0.155432
3 12 0 0 0 0 -0.513533 0 -0 -0.513533
4 12 0 0 0 0 -0 -0.0747083 0 -0.0747083
11 12 0 0 0 0 0 -0 -0.155428 -0.155428
1 13 0 0 0 0 -0 -0.19019 0 -0.19019
2 13 0 0 0 0 -0.595971 0 -0 -0.595971
3 13 0 0 0 0 -0 -0.15507 -0 -0.15507
12 13 0.106719 0.986991 -0.897345 0 0 0 0 0.196364
0 14 0 0 0 0 -0 -0.160255 0 -0.160255
1 14 0 0 0 0 -0.370389 0 -0 -0.370389
13 14 0.0383331 0 -1.25875 0 0 0 0 -1.22041
0 15 0 0 0 0 -0.757573 0 -0 -0.757573
1 15 0 0 0 0 -0 -0.122921 0 -0.122921
14 15 0.0337545 0 -1.11328 0 0 0 0 -1.07952
#Total energy per particle is  -1.22502 and should be -1.2250210
        0.0270 #id1 id2 FENE BEXC STCK NEXC HB CRSTCK CXSTCK total, t = 9
0 1 0.0191654 0 -1.12421 0 0 0 0 -1.10504
1 2 0.00411959 0 -1.10719 0 0 0 0 -1.10307
2 3 0.0135909 0 -1.15262 0 0 0 0 -1.13903
3 4 0.00069573 0 -1.01258 0 0 0 0 -1.01188
4 5 0.00577987 0 -1.17687 0 0 0 0 -1.17109
5 6 0.0216746 0 -1.32018 0 0 0 0 -1.2985
6 7 0.0821983 0 -1.39939 0 0 0 0 -1.31719
6 8 0 0 0 0 -0 -0.0576422 0 -0.0576422
7 8 0 0 0 0 -0.243498 0 -0 -0.243498
5 9 0 0 0 0 -0 -0.139057 0 -0.139057
6 9 0 0 0 0 -0.519116 0 -0 -0.519116
7 9 0 0 0 0 -0 -0.124159 -0 -0.124159
8 9 0.0323269 0 -0.974952 0 0 0 0 -0.942625
4 10 0 0 0 0 -0 -0.12827 -0 -0.12827
5 10 0 0 0 0 -0.742973 0 -0 -0.742973
6 10 0 0 0 0 -0 -0.182734 -0 -0.182734
9 10 0.000970242 0 -1.00025 0 0 0 0 -0.999283
3 11 0 0 0 0 -5.60444e-30 -0.176925 0 -0.176925
4 11 0 0 0 0 -0.640956 0 -0 -0.640956
5 11 0 0 0 0 -0 -0.150173 0 -0.150173
10 11 0.34301 0 -1.26459 0 0 0 0 -0.921583
2 12 0 0 0 0 -8.75117e-30 -0.153525 -0 -0.153525
3 12 0 0 0 0 -0.482724 0 -0 -0.482724
4 12 0 0 0 0 -0 -0.0670467 0 -0.0670467
11 12 0 0 0 0 0 -0 -0.0645102 -0.0645102
1 13 0 0 0 0 -9.1392e-33 -0.190868 0 -0.190868
2 13 0 0 0 0 -0.595856 0 -0 -0.595856
3 13 0 0 0 0 -0 -0.157511 -0 -0.157511
12 13 0.132978 1.61038 -0.841174 0 0 0 0 0.902189
0 14 0 0 0 0 -0 -0.159495 0 -0.159495
1 14 0 0 0 0 -0.375651 0 -0 -0.375651
13 14 0.039491 0 -1.25389 0 0 0 0 -1.2144
0 15 0 0 0 0 -0.754451 0 -0 -0.754451
1 15 0 0 0 0 -0 -0.120903 0 -0.120903
14 15 0.0360259 0 -1.11391 0 0 0 0 -1.07789
#Total energy per particle is  -1.16421 and should be -1.1642110
        0.0300 #id1 id2 FENE BEXC STCK NEXC HB CRSTCK CXSTCK total, t = 10
0 1 0.0184672 0 -1.1251 0 0 0 0 -1.10664
1 2 0.00342515 0 -1.09799 0 0 0 0 -1.09456
2 3 0.0131473 0 -1.15623 0 0 0 0 -1.14309
3 4 0.000782295 0 -1.01011 0 0 0 0 -1.00932
4 5 0.00572938 0 -1.17744 0 0 0 0 -1.17171
5 6 0.0206875 0 -1.32103 0 0 0 0 -1.30034
6 7 0.0843636 0 -1.39845 0 0 0 0 -1.31409
6 8 0 0 0 0 -0 -0.0558632 0 -0.0558632
7 8 0 0 0 0 -0.235073 0 -0 -0.235073
5 9 0 0 0 0 -0 -0.138633 0 -0.138633
6 9 0 0 0 0 -0.510461 0 -0 -0.510461
7 9 0 0 0 0 -0 -0.121031 -0 -0.121031
8 9 0.031308 0 -0.97341 0 0 0 0 -0.942102
4 10 0 0 0 0 -0 -0.127546 -0 -0.127546
5 10 0 0 0 0 -0.736902 0 -0 -0.736902
6 10 0 0 0 0 -0 -0.182332 -0 -0.182332
9 10 0.00187601 0 -1.01381 0 0 0 0 -1.01193
3 11 0 0 0 0 -3.52211e-30 -0.17346 0 -0.17346
4 11 0 0 0 0 -0.60273 0 -0 -0.60273
5 11 0 0 0 0 -0 -0.146044 0 -0.146044
10 11 0.414238 0 -1.26384 0 0 0 0 -0.849602
2 12 0 0 0 0 -1.18983e-29 -0.154538 0 -0.154538
3 12 0 0 0 0 -0.46724 0 -0 -0.46724
4 12 0 0 0 0 -0 -0.0609313 0 -0.0609313
11 12 0 0 0 0 0 -0 -0.0177047 -0.0177047
1 13 0 0 0 0 -1.57884e-31 -0.191458 0 -0.191458
2 13 0 0 0 0 -0.603514 0 -0 -0.603514
3 13 0 0 0 0 -0 -0.16142 -0 -0.16142
12 13 0.15482 1.11313 -0.85899 0 0 0 0 0.408963
0 14 0 0 0 0 -0 -0.158722 0 -0.158722
1 14 0 0 0 0 -0.382676 0 -0 -0.382676
13 14 0.0431817 0 -1.2402 0 0 0 0 -1.19701
0 15 0 0 0 0 -0.749858 0 -0 -0.749858
1 15 0 0 0 0 -0 -0.118975 0 -0.118975
14 15 0.0384695 0 -1.11421 0 0 0 0 -1.07574
#Total energy per particle is  -1.18152 and should be -1.1815210
